input/clipped_raster_4m_big2.asc
ncols        155
nrows        140
xllcorner    524470.000000000000
yllcorner    5041014.000000000000
cellsize     4.000000000000
NODATA_value  -3.4028234663852885981e+38
[rows 54 to 71 of 140, columns 41 to 81 of 155]
61.1510009765625 60.98400115966796875 60.7949981689453125 60.68000030517578125 17.760000228881835938 17.504999160766601562 17.434000015258789062 17.461000442504882812 27.058000564575195312 36.391998291015625 36.159000396728515625 35.93199920654296875 35.72100067138671875 35.506000518798828125 35.243999481201171875 35.004001617431640625 202.6219940185546875 202.38299560546875 202.0579986572265625 201.78900146484375 201.514007568359375 201.186004638671875 200.878997802734375 107.2389984130859375 13.48600006103515625 13.515000343322753906 13.539999961853027344 13.383000373840332031 52.576000213623046875 52.5970001220703125 52.633998870849609375 52.6699981689453125 52.68399810791015625 52.674999237060546875 52.698001861572265625 52.680999755859375 90.0149993896484375 90.2969970703125 90.2649993896484375 90.2089996337890625 90.15200042724609375
61.20999908447265625 61 60.90000152587890625 60.728000640869140625 17.811000823974609375 17.56800079345703125 17.490999221801757812 17.538999557495117188 27.122999191284179688 36.467998504638671875 36.2050018310546875 35.9720001220703125 35.7389984130859375 35.506000518798828125 35.27500152587890625 35.06600189208984375 202.6779937744140625 202.4459991455078125 202.16900634765625 201.988006591796875 201.7079925537109375 201.4279937744140625 201.0420074462890625 107.20800018310546875 13.595000267028808594 13.56999969482421875 13.572999954223632812 13.590999603271484375 52.701000213623046875 52.671001434326171875 52.701000213623046875 52.73799896240234375 52.733001708984375 52.7389984130859375 52.754001617431640625 52.7519989013671875 90.05899810791015625 90.37200164794921875 90.3809967041015625 90.3209991455078125 90.2649993896484375
61.202999114990234375 61.118000030517578125 60.965000152587890625 60.81800079345703125 17.822000503540039062 17.621999740600585938 17.52700042724609375 17.559999465942382812 27.1660003662109375 36.522998809814453125 36.285999298095703125 36.019001007080078125 35.784999847412109375 35.551998138427734375 35.319000244140625 35.08499908447265625 202.66900634765625 202.3679962158203125 202.1360015869140625 201.899993896484375 201.7400054931640625 201.4980010986328125 201.233001708984375 107.39499664306640625 13.697999954223632812 13.604000091552734375 13.633000373840332031 13.756999969482421875 52.796001434326171875 52.79199981689453125 52.772998809814453125 52.805999755859375 52.783000946044921875 52.797000885009765625 52.80699920654296875 52.8170013427734375 90.12200164794921875 90.4290008544921875 90.50099945068359375 90.43399810791015625 90.46099853515625
61.33499908447265625 61.2050018310546875 61.082000732421875 60.838001251220703125 17.910999298095703125 17.656000137329101562 17.580999374389648438 17.627000808715820312 27.118999481201171875 36.51399993896484375 36.31999969482421875 36.095001220703125 35.832000732421875 35.59799957275390625 35.368000030517578125 35.13899993896484375 202.5879974365234375 202.31500244140625 202.16900634765625 201.84100341796875 201.6309967041015625 201.5059967041015625 201.246002197265625 107.4380035400390625 13.772000312805175781 13.635000228881835938 13.659999847412109375 13.81999969482421875 52.81999969482421875 52.87200164794921875 52.8899993896484375 52.87400054931640625 52.832000732421875 52.8489990234375 52.86299896240234375 52.87400054931640625 13.621999740600585938 13.83300018310546875 13.918999671936035156 13.925999641418457031 13.923999786376953125
61.424999237060546875 61.28099822998046875 61.130001068115234375 61.0410003662109375 18.06999969482421875 17.7220001220703125 17.625 17.670999526977539062 27.080999374389648438 36.534999847412109375 36.257999420166015625 26.516000747680664062 26.2649993896484375 26.007999420166015625 25.794000625610351562 25.509000778198242188 109.15799713134765625 108.98400115966796875 108.79399871826171875 108.58899688720703125 201.7449951171875 108.08599853515625 107.76200103759765625 60.8040008544921875 13.871000289916992188 13.7089996337890625 13.715999603271484375 13.878999710083007812 13.885000228881835938 13.803999900817871094 13.800999641418457031 13.79199981689453125 13.79199981689453125 13.781999588012695312 13.788999557495117188 13.769000053405761719 13.79199981689453125 13.727000236511230469 13.755999565124511719 13.718999862670898438 13.718999862670898438
18.55699920654296875 18.392999649047851562 18.3209991455078125 18.1660003662109375 17.937000274658203125 17.746999740600585938 17.628000259399414062 17.5149993896484375 17.391000747680664062 17.29000091552734375 17.076000213623046875 16.871000289916992188 16.524999618530273438 16.25099945068359375 16.0970001220703125 15.789999961853027344 15.581000328063964844 15.369999885559082031 15.1660003662109375 14.875 14.626000404357910156 14.392999649047851562 14.154999732971191406 13.951999664306640625 13.862000465393066406 13.7910003662109375 13.782999992370605469 13.838000297546386719 13.786000251770019531 13.7089996337890625 13.75 13.7779998779296875 13.760999679565429688 13.746000289916992188 13.725000381469726562 13.729000091552734375 13.729000091552734375 13.739999771118164062 13.734999656677246094 13.720000267028808594 13.703000068664550781
18.565999984741210938 18.468000411987304688 18.356000900268554688 18.148000717163085938 17.976999282836914062 17.857000350952148438 17.732000350952148438 17.593000411987304688 17.489999771118164062 17.343000411987304688 17.146999359130859375 16.93000030517578125 16.691999435424804688 16.38800048828125 16.173999786376953125 15.961999893188476562 15.746999740600585938 15.512999534606933594 15.270999908447265625 15.043000221252441406 14.798000335693359375 14.517000198364257812 14.243000030517578125 14.081000328063964844 13.923000335693359375 13.828000068664550781 13.829000473022460938 13.852000236511230469 13.838000297546386719 13.829999923706054688 13.868000030517578125 13.857999801635742188 13.84799957275390625 13.829999923706054688 13.828000068664550781 13.786999702453613281 13.765000343322753906 13.756999969482421875 13.692999839782714844 13.701999664306640625 13.661999702453613281
18.635000228881835938 18.524999618530273438 18.405000686645507812 18.25 17.968999862670898438 17.8209991455078125 17.677999496459960938 17.549999237060546875 17.44300079345703125 17.267000198364257812 17.12400054931640625 16.881999969482421875 16.6529998779296875 16.409999847412109375 16.1660003662109375 15.9160003662109375 15.628999710083007812 15.454000473022460938 15.217000007629394531 14.994000434875488281 14.720999717712402344 14.477000236511230469 14.260000228881835938 14.015000343322753906 13.854000091552734375 13.850999832153320312 13.892000198364257812 13.803000450134277344 13.821000099182128906 13.954000473022460938 13.850000381469726562 13.836999893188476562 13.824999809265136719 13.7910003662109375 13.80500030517578125 13.788000106811523438 13.72299957275390625 13.873000144958496094 13.784000396728515625 13.711999893188476562 13.734999656677246094
18.51399993896484375 18.332000732421875 18.31800079345703125 18.15399932861328125 17.84799957275390625 17.635000228881835938 17.510999679565429688 17.417999267578125 17.36100006103515625 17.274000167846679688 17.079000473022460938 16.941999435424804688 16.701000213623046875 16.413999557495117188 16.18000030517578125 15.998000144958496094 15.779999732971191406 15.5410003662109375 15.33300018310546875 15.098999977111816406 14.887999534606933594 14.600999832153320312 14.312999725341796875 14.062000274658203125 13.869000434875488281 13.887999534606933594 13.982000350952148438 13.866999626159667969 14.020999908447265625 23.44300079345703125 23.420999526977539062 23.371999740600585938 23.437000274658203125 23.427999496459960938 23.40200042724609375 28.086000442504882812 32.784000396728515625 32.8639984130859375 32.925998687744140625 32.83499908447265625 32.7480010986328125
39.44100189208984375 39.3079986572265625 39.145999908447265625 39.1269989013671875 28.521999359130859375 17.523000717163085938 17.367000579833984375 17.413000106811523438 78.63300323486328125 139.7079925537109375 139.5200042724609375 139.3589935302734375 139.110992431640625 138.805999755859375 138.516998291015625 138.3489990234375 138.1869964599609375 137.9940032958984375 137.798004150390625 137.531005859375 137.319000244140625 137.050994873046875 136.7469940185546875 136.4770050048828125 14.102000236511230469 14.04199981689453125 14.043999671936035156 14.093000411987304688 23.663000106811523438 33.069000244140625 33.016998291015625 33.131000518798828125 33.08499908447265625 33.02500152587890625 33.008998870849609375 32.98400115966796875 32.95800018310546875 32.9420013427734375 32.99700164794921875 33.050998687744140625 32.9850006103515625
60.4290008544921875 60.3470001220703125 60.2649993896484375 60.30500030517578125 39.370998382568359375 17.48600006103515625 17.34799957275390625 17.37599945068359375 78.51399993896484375 139.5399932861328125 139.4530029296875 139.2259979248046875 138.90899658203125 138.63299560546875 138.522003173828125 138.38800048828125 138.2400054931640625 138.0879974365234375 137.9329986572265625 137.733001708984375 137.4550018310546875 137.248992919921875 136.9720001220703125 136.673004150390625 14.237999916076660156 14.171999931335449219 14.18000030517578125 14.279000282287597656 23.868000030517578125 33.2350006103515625 33.328998565673828125 33.24700164794921875 33.215000152587890625 33.199001312255859375 33.16899871826171875 33.146999359130859375 33.120998382568359375 33.08300018310546875 33.049999237060546875 33.11199951171875 33.16500091552734375
60.4739990234375 60.40200042724609375 60.3639984130859375 60.375 39.423000335693359375 17.4589996337890625 17.309000015258789062 17.33499908447265625 78.40599822998046875 139.5 139.3260040283203125 139.0160064697265625 138.7870025634765625 138.6739959716796875 138.5800018310546875 138.4539947509765625 138.3220062255859375 138.180999755859375 138.0290069580078125 137.8719940185546875 137.662994384765625 137.38800048828125 137.167999267578125 136.8910064697265625 14.435000419616699219 14.340999603271484375 14.355999946594238281 14.406000137329101562 24.017999649047851562 33.4850006103515625 33.412998199462890625 33.4029998779296875 33.38899993896484375 33.355998992919921875 33.332000732421875 33.30899810791015625 33.282001495361328125 33.243999481201171875 33.207000732421875 33.16899871826171875 33.22499847412109375
60.54000091552734375 60.463001251220703125 60.381999969482421875 60.354000091552734375 39.49900054931640625 17.433000564575195312 17.2910003662109375 17.299999237060546875 78.3860015869140625 139.4239959716796875 139.136993408203125 138.9459991455078125 138.8220062255859375 138.727996826171875 138.63800048828125 138.5160064697265625 138.3849945068359375 138.2519989013671875 138.1190032958984375 137.9709930419921875 137.8130035400390625 137.5930023193359375 137.3209991455078125 137.0749969482421875 14.628999710083007812 14.508000373840332031 14.54199981689453125 14.581999778747558594 19.476999282836914062 33.5800018310546875 33.58300018310546875 33.576999664306640625 33.54000091552734375 33.516998291015625 33.493999481201171875 33.46900177001953125 33.44300079345703125 33.407001495361328125 33.369998931884765625 33.332000732421875 33.2910003662109375
60.476001739501953125 60.464000701904296875 60.451000213623046875 60.367000579833984375 39.48799896240234375 17.398000717163085938 17.260999679565429688 17.270999908447265625 78.35399627685546875 139.28399658203125 139.0970001220703125 138.970001220703125 138.8769989013671875 138.78399658203125 138.6929931640625 138.5800018310546875 138.4470062255859375 138.31500244140625 138.1829986572265625 138.050994873046875 137.9109954833984375 137.75 137.514007568359375 137.266998291015625 14.809000015258789062 14.70800018310546875 14.734000205993652344 14.788000106811523438 14.892000198364257812 33.76200103759765625 33.759998321533203125 33.726001739501953125 33.701999664306640625 33.68000030517578125 33.654998779296875 33.631000518798828125 33.606998443603515625 33.569000244140625 33.53099822998046875 33.493000030517578125 33.45600128173828125
60.4160003662109375 60.380001068115234375 60.37799835205078125 60.396999359130859375 39.339000701904296875 17.377000808715820312 17.225999832153320312 17.215999603271484375 78.292999267578125 139.2550048828125 139.1179962158203125 139.0260009765625 138.930999755859375 138.839996337890625 138.7469940185546875 138.64300537109375 138.5099945068359375 138.3780059814453125 138.246002197265625 138.1139984130859375 137.98199462890625 137.8489990234375 137.6869964599609375 137.44500732421875 14.942000389099121094 14.871999740600585938 14.937000274658203125 14.965999603271484375 15.093000411987304688 33.94300079345703125 33.911998748779296875 33.88700103759765625 33.865001678466796875 33.840999603271484375 33.81600189208984375 33.79399871826171875 33.768001556396484375 33.730998992919921875 33.69300079345703125 33.65599822998046875 33.618999481201171875
60.354999542236328125 60.31999969482421875 60.283000946044921875 60.272998809814453125 60.26399993896484375 17.336000442504882812 17.183000564575195312 17.198999404907226562 17.11199951171875 139.2660064697265625 139.1739959716796875 139.0789947509765625 138.988006591796875 138.89599609375 138.800994873046875 138.70599365234375 138.572998046875 138.4409942626953125 138.3090057373046875 138.175994873046875 138.0449981689453125 137.9120025634765625 137.781005859375 137.6269989013671875 15.130999565124511719 15.029000282287597656 15.102000236511230469 15.116999626159667969 15.246000289916992188 34.0970001220703125 34.073001861572265625 34.049999237060546875 34.0260009765625 34.00099945068359375 33.979999542236328125 33.9550018310546875 33.93000030517578125 33.894001007080078125 33.855998992919921875 33.819000244140625 33.779998779296875
60.2949981689453125 60.257999420166015625 60.22299957275390625 60.186000823974609375 60.022998809814453125 17.313999176025390625 17.1529998779296875 17.132999420166015625 17.114999771118164062 139.3220062255859375 139.22900390625 139.1360015869140625 139.04400634765625 138.949005126953125 138.85699462890625 138.76800537109375 138.6360015869140625 138.503997802734375 138.3719940185546875 138.2400054931640625 138.108001708984375 137.9759979248046875 137.8430023193359375 137.720001220703125 15.319000244140625 15.201999664306640625 15.284000396728515625 15.307999610900878906 15.404999732971191406 89.6060028076171875 89.582000732421875 89.55899810791015625 89.53399658203125 89.5110015869140625 89.48799896240234375 89.4629974365234375 89.44000244140625 89.4029998779296875 89.36499786376953125 89.32700347900390625 89.29000091552734375
85.6269989013671875 85.59200286865234375 85.55500030517578125 85.53600311279296875 85.3489990234375 17.285999298095703125 17.125 17.127000808715820312 17.160999298095703125 139.3780059814453125 139.2830047607421875 139.1920013427734375 139.0989990234375 139.0050048828125 138.91400146484375 138.8300018310546875 138.699005126953125 138.5679931640625 138.43499755859375 138.3029937744140625 138.1699981689453125 138.037994384765625 137.9170074462890625 137.863006591796875 15.579000473022460938 15.321999549865722656 15.4589996337890625 15.475000381469726562 15.586999893188476562 89.75099945068359375 89.7440032958984375 89.720001220703125 89.6959991455078125 89.67299652099609375 89.64800262451171875 89.62599945068359375 89.6009979248046875 89.56400299072265625 89.5260009765625 89.48999786376953125 89.4530029296875
