input/clipped_portland_4m_dem.asc
ncols        68
nrows        63
xllcorner    524330.000000000000
yllcorner    5041050.000000000000
cellsize     4.000000000000
NODATA_value  -3.4028234663852885981e+38
[rows 0 to 17 of 63, columns 0 to 40 of 68]
28.558000564575195312 26.94300079345703125 26.843000411987304688 26.784999847412109375 26.52700042724609375 26.704999923706054688 51.71099853515625 51.758998870849609375 51.76399993896484375 26.739999771118164062 51.7089996337890625 51.71099853515625 51.631000518798828125 26.283000946044921875 65.18399810791015625 64.89099884033203125 64.5780029296875 64.45099639892578125 64.3079986572265625 64.35199737548828125 25.0970001220703125 24.673999786376953125 24.507999420166015625 24.392999649047851562 24.132999420166015625 23.260000228881835938 18.094999313354492188 17.704999923706054688 17.489999771118164062 17.016000747680664062 16.315000534057617188 16.129999160766601562 15.871999740600585938 15.890999794006347656 15.661000251770019531 15.314999580383300781 15.130999565124511719 16.591999053955078125 16.566999435424804688 16.492000579833984375 22.891000747680664062
29.225000381469726562 27.0709991455078125 26.944000244140625 26.892999649047851562 26.705999374389648438 26.743000030517578125 51.659999847412109375 51.76200103759765625 51.8600006103515625 26.9029998779296875 51.88800048828125 51.86199951171875 52.051998138427734375 26.632999420166015625 65.36100006103515625 65.01399993896484375 64.6699981689453125 64.4929962158203125 64.3820037841796875 44.826999664306640625 25.243000030517578125 24.784000396728515625 24.61199951171875 24.447999954223632812 24.120000839233398438 23.62599945068359375 18.363000869750976562 17.982999801635742188 17.662000656127929688 17.115999221801757812 16.36100006103515625 16.186000823974609375 15.909000396728515625 15.911999702453613281 15.701999664306640625 15.381999969482421875 15.098999977111816406 16.351999282836914062 16.729999542236328125 16.579000473022460938 22.900999069213867188
28.989000320434570312 27.186000823974609375 27.044000625610351562 26.99900054931640625 26.819000244140625 39.421001434326171875 51.867000579833984375 52.108001708984375 52.395000457763671875 27.19499969482421875 27.079999923706054688 27.0970001220703125 27.243000030517578125 26.76399993896484375 65.41100311279296875 65.0670013427734375 64.74199676513671875 64.54900360107421875 64.4720001220703125 25.301000595092773438 25.315000534057617188 24.86100006103515625 24.673999786376953125 24.524000167846679688 24.091999053955078125 23.9720001220703125 18.674999237060546875 18.267000198364257812 17.253000259399414062 17.322000503540039062 16.422000885009765625 16.238000869750976562 15.954000473022460938 15.895999908447265625 15.739999771118164062 15.413000106811523438 15.081000328063964844 16.378999710083007812 16.917999267578125 16.6790008544921875 22.329000473022460938
29.23600006103515625 27.27700042724609375 27.155000686645507812 27.114000320434570312 26.944000244140625 33.29399871826171875 27.017999649047851562 39.7350006103515625 39.875 32.4010009765625 37.23799896240234375 37.20800018310546875 32.367000579833984375 26.969999313354492188 65.832000732421875 65.5260009765625 65.15799713134765625 64.625 64.5410003662109375 25.357999801635742188 25.364999771118164062 24.95800018310546875 24.738000869750976562 24.510000228881835938 24.062999725341796875 23.933000564575195312 18.948999404907226562 18.559000015258789062 18.202999114990234375 17.413000106811523438 16.502000808715820312 16.30699920654296875 16.003000259399414062 15.897000312805175781 15.784000396728515625 15.447999954223632812 15.069000244140625 15.975000381469726562 17.12400054931640625 16.794000625610351562 18.180999755859375
29.5970001220703125 27.436000823974609375 27.256000518798828125 27.219999313354492188 27.0540008544921875 38.6920013427734375 38.785999298095703125 38.868000030517578125 27.30500030517578125 32.516998291015625 37.542999267578125 37.520000457763671875 30.259000778198242188 27.323999404907226562 66.2819976806640625 66.0579986572265625 46.119998931884765625 45.33499908447265625 45.279998779296875 25.451000213623046875 25.357000350952148438 25.090000152587890625 24.849000930786132812 24.52700042724609375 24.024999618530273438 23.871999740600585938 19.34600067138671875 18.850000381469726562 18.548999786376953125 17.51399993896484375 16.576999664306640625 16.368999481201171875 16.059999465942382812 15.887000083923339844 15.83300018310546875 15.491000175476074219 15.100999832153320312 15.687999725341796875 17.336000442504882812 17.007999420166015625 17.795000076293945312
29.634000778198242188 27.488000869750976562 27.399000167846679688 27.344999313354492188 27.1529998779296875 27.280000686645507812 54.186000823974609375 54.33499908447265625 27.684000015258789062 27.704999923706054688 27.724000930786132812 42.720001220703125 42.78900146484375 27.5970001220703125 27.719999313354492188 50.271999359130859375 49.644001007080078125 49.578998565673828125 49.391998291015625 48.617000579833984375 25.340000152587890625 25.134000778198242188 24.976999282836914062 24.552999496459960938 23.975999832153320312 23.812999725341796875 19.988000869750976562 19.155000686645507812 18.851999282836914062 17.599000930786132812 16.694000244140625 16.417999267578125 16.107999801635742188 15.850999832153320312 15.880000114440917969 15.529000282287597656 15.142999649047851562 15.243000030517578125 17.572000503540039062 17.240999221801757812 17.311000823974609375
29.801000595092773438 27.98600006103515625 27.465999603271484375 27.454000473022460938 27.259000778198242188 27.465999603271484375 54.562999725341796875 54.492000579833984375 41.207000732421875 41.1660003662109375 27.725000381469726562 42.660999298095703125 42.743000030517578125 27.732000350952148438 39.08100128173828125 50.337001800537109375 50.023998260498046875 49.935001373291015625 49.9010009765625 49.118000030517578125 25.413000106811523438 25.24900054931640625 25.106000900268554688 24.662000656127929688 23.91699981689453125 23.738000869750976562 21.077999114990234375 19.462999343872070312 19.173999786376953125 17.83499908447265625 16.801000595092773438 16.478000640869140625 16.16699981689453125 15.864999771118164062 15.930999755859375 15.576000213623046875 15.206999778747558594 15.357000350952148438 17.6959991455078125 17.492000579833984375 17.364999771118164062
29.8339996337890625 28.16699981689453125 27.5410003662109375 27.558000564575195312 27.329000473022460938 27.48699951171875 54.437000274658203125 54.516998291015625 54.563999176025390625 54.59600067138671875 27.75 27.72100067138671875 27.684000015258789062 27.659000396728515625 39.0579986572265625 50.47499847412109375 50.38800048828125 50.283000946044921875 50.365001678466796875 49.4290008544921875 25.479000091552734375 25.36100006103515625 25.256999969482421875 25.076000213623046875 23.864000320434570312 23.649000167846679688 21.315000534057617188 19.774999618530273438 19.48600006103515625 18.2089996337890625 16.9720001220703125 16.525999069213867188 16.2220001220703125 15.88899993896484375 15.975999832153320312 15.633999824523925781 15.262999534606933594 15.241000175476074219 17.493999481201171875 17.75099945068359375 17.538000106811523438
29.923999786376953125 27.825000762939453125 27.6790008544921875 27.655000686645507812 27.479999542236328125 27.590000152587890625 54.480998992919921875 54.520000457763671875 54.55300140380859375 54.582000732421875 27.747999191284179688 27.75 27.631999969482421875 27.669000625610351562 27.615999221801757812 38.907001495361328125 39.091999053955078125 39.185001373291015625 39.2760009765625 38.93000030517578125 25.670999526977539062 25.54199981689453125 25.406000137329101562 25.51399993896484375 23.784000396728515625 23.548999786376953125 22.593999862670898438 20.1100006103515625 19.81999969482421875 18.879999160766601562 17.218999862670898438 16.58300018310546875 16.295000076293945312 15.942999839782714844 16.018999099731445312 15.694000244140625 15.315999984741210938 15.170000076293945312 16.857000350952148438 18.024999618530273438 17.702999114990234375
29.8470001220703125 28.017999649047851562 27.798999786376953125 27.774999618530273438 27.599000930786132812 27.694000244140625 54.5709991455078125 54.578998565673828125 54.578998565673828125 54.589000701904296875 54.532001495361328125 34.3769989013671875 27.576000213623046875 27.497999191284179688 27.469999313354492188 50.185001373291015625 50.33599853515625 50.38700103759765625 50.43399810791015625 50.25 25.740999221801757812 25.631999969482421875 25.534000396728515625 25.63899993896484375 23.704000473022460938 23.43000030517578125 22.697999954223632812 20.396999359130859375 20.125 19.534000396728515625 17.353000640869140625 16.627000808715820312 16.365999221801757812 16.017000198364257812 16.009000778198242188 15.760000228881835938 15.399000167846679688 15.114000320434570312 16.184000015258789062 18.309000015258789062 17.951000213623046875
29.495000839233398438 28.017999649047851562 27.91699981689453125 27.870000839233398438 27.670000076293945312 27.766000747680664062 54.590999603271484375 54.562999725341796875 54.595001220703125 54.548999786376953125 54.453998565673828125 54.340000152587890625 27.517000198364257812 27.354000091552734375 38.680999755859375 50.03099822998046875 50.050998687744140625 50.074001312255859375 50.03900146484375 49.73400115966796875 25.878999710083007812 25.669000625610351562 25.6529998779296875 25.7779998779296875 23.604999542236328125 23.309999465942382812 22.974000930786132812 20.715000152587890625 20.427000045776367188 20.136999130249023438 17.506999969482421875 16.6660003662109375 16.438999176025390625 16.08499908447265625 16.004999160766601562 15.838000297546386719 15.465000152587890625 15.112000465393066406 15.772999763488769531 18.607000350952148438 18.281999588012695312
29.229000091552734375 28.283000946044921875 27.978000640869140625 27.961999893188476562 27.77700042724609375 27.8600006103515625 27.882999420166015625 27.822999954223632812 54.57199859619140625 54.4739990234375 54.393001556396484375 54.279998779296875 27.365999221801757812 27.231000900268554688 38.59799957275390625 49.9010009765625 49.744998931884765625 49.74700164794921875 49.659000396728515625 49.26399993896484375 25.98600006103515625 25.857000350952148438 25.746999740600585938 25.83499908447265625 23.798999786376953125 23.18199920654296875 22.912000656127929688 20.995000839233398438 20.715999603271484375 20.542999267578125 17.670000076293945312 16.74900054931640625 16.5149993896484375 16.174999237060546875 15.949000358581542969 15.91699981689453125 15.538000106811523438 15.16699981689453125 15.701000213623046875 18.40200042724609375 18.613000869750976562
28.784999847412109375 28.322999954223632812 28.104999542236328125 28.045999526977539062 27.86100006103515625 28.023000717163085938 28.100999832153320312 28.017999649047851562 41.088001251220703125 41 40.924999237060546875 27.448999404907226562 27.22100067138671875 27.080999374389648438 26.982999801635742188 38.227001190185546875 38.118000030517578125 38.021999359130859375 37.898998260498046875 37.7610015869140625 26.06800079345703125 25.878999710083007812 25.8209991455078125 25.885999679565429688 24.426000595092773438 23.048999786376953125 22.77899932861328125 21.26399993896484375 20.992000579833984375 20.86100006103515625 18.145999908447265625 16.9029998779296875 16.590000152587890625 16.25099945068359375 15.942000389099121094 16 15.637000083923339844 15.253000259399414062 15.470999717712402344 17.55699920654296875 18.950000762939453125
28.4589996337890625 28.30699920654296875 28.11100006103515625 28.090999603271484375 27.947999954223632812 27.936000823974609375 27.812999725341796875 27.732999801635742188 27.5970001220703125 27.468000411987304688 27.350000381469726562 27.24900054931640625 27.047000885009765625 26.90200042724609375 26.801000595092773438 26.674999237060546875 26.559999465942382812 26.43199920654296875 26.267999649047851562 26.146999359130859375 26.02700042724609375 25.881000518798828125 25.88899993896484375 25.912000656127929688 24.819000244140625 22.899999618530273438 22.617000579833984375 21.521999359130859375 21.27700042724609375 21.159999847412109375 19.197000503540039062 17.004999160766601562 16.65399932861328125 16.323999404907226562 15.973999977111816406 16.075000762939453125 15.7220001220703125 15.338000297546386719 15.284999847412109375 16.479999542236328125 19.27899932861328125
28.336000442504882812 28.24900054931640625 28.188999176025390625 28.128999710083007812 28.052999496459960938 27.950000762939453125 27.815000534057617188 27.725000381469726562 27.604000091552734375 27.461000442504882812 27.371999740600585938 27.232000350952148438 27.11100006103515625 26.989999771118164062 26.884000778198242188 26.770000457763671875 26.636999130249023438 26.517999649047851562 26.410999298095703125 26.2779998779296875 26.159000396728515625 26.010999679565429688 25.954000473022460938 25.9459991455078125 25.634000778198242188 22.770000457763671875 22.454000473022460938 22.020999908447265625 21.582000732421875 21.4720001220703125 20.322999954223632812 17.354999542236328125 16.697999954223632812 16.410999298095703125 16.05500030517578125 16.127000808715820312 15.809000015258789062 15.437999725341796875 15.175999641418457031 16.58499908447265625 19.629999160766601562
28.386999130249023438 28.315999984741210938 28.218000411987304688 28.177000045776367188 28.093000411987304688 27.997999191284179688 27.884000778198242188 27.747999191284179688 27.607000350952148438 27.493000030517578125 27.381000518798828125 27.226999282836914062 27.101999282836914062 26.954000473022460938 26.865999221801757812 26.745000839233398438 26.615999221801757812 26.482999801635742188 26.357999801635742188 26.20999908447265625 26.0970001220703125 25.990999221801757812 25.975999832153320312 25.993000030517578125 26.156000137329101562 22.636999130249023438 22.274000167846679688 22.017000198364257812 21.898000717163085938 21.7649993896484375 21.354000091552734375 17.667999267578125 16.743999481201171875 16.490999221801757812 16.142000198364257812 16.103000640869140625 15.897999763488769531 15.536000251770019531 15.168999671936035156 15.989999771118164062 19.7649993896484375
28.351999282836914062 28.243999481201171875 28.20800018310546875 28.076000213623046875 28.01399993896484375 27.917999267578125 27.87599945068359375 27.691999435424804688 27.604999542236328125 27.516000747680664062 27.377000808715820312 27.190000534057617188 27.117000579833984375 27.037000656127929688 26.950000762939453125 26.851999282836914062 26.658000946044921875 26.600000381469726562 26.4290008544921875 26.3470001220703125 26.23699951171875 25.981000900268554688 25.974000930786132812 25.99900054931640625 26.134000778198242188 22.502000808715820312 22.103000640869140625 21.809000015258789062 22.215000152587890625 22.058000564575195312 21.97100067138671875 17.864000320434570312 16.81999969482421875 16.590000152587890625 16.240999221801757812 16.034000396728515625 15.994000434875488281 15.640000343322753906 15.256999969482421875 15.784000396728515625 18.632999420166015625
28.535999298095703125 51.368999481201171875 28.2779998779296875 28.239999771118164062 28.055999755859375 28.020000457763671875 28.072000503540039062 27.926000595092773438 27.891000747680664062 27.7779998779296875 27.687999725341796875 27.54199981689453125 27.475000381469726562 27.51399993896484375 27.43000030517578125 27.375 44.095001220703125 60.699001312255859375 60.529998779296875 60.286998748779296875 60.174999237060546875 43.14099884033203125 26.009000778198242188 26.052999496459960938 26.114999771118164062 22.56800079345703125 21.922000885009765625 21.565000534057617188 22.51399993896484375 22.336999893188476562 22.2649993896484375 18.37400054931640625 16.98600006103515625 16.670000076293945312 16.332000732421875 16.030000686645507812 16.094999313354492188 15.737999916076660156 15.380000114440917969 15.657999992370605469 17.5149993896484375
