input/clipped_raster_4m_big2.asc
ncols        155
nrows        140
xllcorner    524470.000000000000
yllcorner    5041014.000000000000
cellsize     4.000000000000
NODATA_value  -3.4028234663852885981e+38
[rows 54 to 71 of 140, columns 0 to 40 of 155]
15.296999931335449219 15.380999565124511719 15.281000137329101562 16.312000274658203125 21.468999862670898438 21.988000869750976562 21.923999786376953125 21.926000595092773438 21.753999710083007812 21.850000381469726562 89.06099700927734375 88.94100189208984375 88.8300018310546875 88.71199798583984375 88.595001220703125 88.477996826171875 88.36100006103515625 88.23200225830078125 88.09999847412109375 87.99199676513671875 87.88500213623046875 87.77700042724609375 87.60399627685546875 87.54900360107421875 87.41699981689453125 20.003000259399414062 19.900999069213867188 19.798000335693359375 19.658000946044921875 51.8639984130859375 62.608001708984375 62.587001800537109375 62.3639984130859375 62.22299957275390625 62.073001861572265625 61.840999603271484375 61.71900177001953125 61.5989990234375 61.505001068115234375 61.409999847412109375 61.279998779296875
15.29199981689453125 15.439999580383300781 15.342000007629394531 15.6660003662109375 21.08499908447265625 22.031999588012695312 21.974000930786132812 21.982999801635742188 21.795999526977539062 21.881999969482421875 89.10900115966796875 88.99700164794921875 88.88899993896484375 88.7760009765625 88.65799713134765625 88.5410003662109375 88.42400360107421875 88.29399871826171875 88.17099761962890625 88.0630035400390625 87.95600128173828125 87.79000091552734375 87.7350006103515625 87.61100006103515625 87.457000732421875 20.100999832153320312 19.944000244140625 19.851999282836914062 19.729999542236328125 62.573001861572265625 62.699001312255859375 62.643001556396484375 62.490001678466796875 62.2760009765625 62.13899993896484375 61.895999908447265625 61.771999359130859375 61.66899871826171875 61.576000213623046875 61.492000579833984375 61.36299896240234375
15.281999588012695312 15.538000106811523438 15.397999763488769531 15.701000213623046875 21.8209991455078125 22.143999099731445312 22.0279998779296875 22.024999618530273438 21.863000869750976562 21.91500091552734375 89.1569976806640625 89.06500244140625 88.94699859619140625 88.832000732421875 88.71900177001953125 88.60500335693359375 88.48799896240234375 88.36299896240234375 88.24199676513671875 88.134002685546875 87.983001708984375 87.91400146484375 87.802001953125 87.66899871826171875 87.56500244140625 20.12599945068359375 19.993000030517578125 19.900999069213867188 19.761999130249023438 30.591999053955078125 41.383998870849609375 62.659000396728515625 62.495998382568359375 62.380001068115234375 62.180999755859375 61.950000762939453125 61.837001800537109375 61.73699951171875 61.645999908447265625 61.575000762939453125 61.4329986572265625
15.276000022888183594 15.578000068664550781 15.468000411987304688 15.604999542236328125 20.51300048828125 22.191999435424804688 22.0970001220703125 22.06800079345703125 21.91500091552734375 21.979999542236328125 89.21600341796875 89.125 89.01399993896484375 88.897003173828125 88.779998779296875 88.6660003662109375 88.552001953125 88.430999755859375 88.31400299072265625 88.17400360107421875 88.0930023193359375 87.990997314453125 87.87799835205078125 87.73699951171875 87.63500213623046875 20.214000701904296875 20.035999298095703125 19.955999374389648438 19.81800079345703125 19.95800018310546875 20.010000228881835938 62.66500091552734375 62.48799896240234375 62.37799835205078125 62.26599884033203125 62.005001068115234375 61.904998779296875 61.80500030517578125 61.713001251220703125 61.65399932861328125 61.411998748779296875
15.272999763488769531 15.628000259399414062 15.545999526977539062 15.644000053405761719 18.62599945068359375 22.329000473022460938 22.167999267578125 22.11100006103515625 21.976999282836914062 22.055999755859375 89.2910003662109375 89.18000030517578125 89.08100128173828125 88.96600341796875 88.84799957275390625 88.73000335693359375 88.61199951171875 88.49700164794921875 88.36699676513671875 88.259002685546875 88.177001953125 88.06500244140625 87.89800262451171875 87.8170013427734375 87.7050018310546875 53.896999359130859375 20.089000701904296875 20.009000778198242188 19.851999282836914062 19.9850006103515625 20.024999618530273438 62.641998291015625 62.535999298095703125 62.332000732421875 62.25099945068359375 62.05899810791015625 61.970001220703125 61.87400054931640625 61.7779998779296875 61.618999481201171875 61.54199981689453125
15.265999794006347656 15.741000175476074219 15.626999855041503906 15.659000396728515625 18.475000381469726562 22.423999786376953125 22.232000350952148438 22.156000137329101562 22.044000625610351562 22.120000839233398438 89.45999908447265625 89.26000213623046875 89.12200164794921875 89.0619964599609375 88.95800018310546875 88.84799957275390625 88.73200225830078125 88.5709991455078125 88.39499664306640625 88.3000030517578125 88.21900177001953125 54.5 54.417999267578125 54.3040008544921875 54.162998199462890625 37.077999114990234375 20.143999099731445312 20.066999435424804688 19.896999359130859375 19.922000885009765625 19.871000289916992188 19.729000091552734375 19.601999282836914062 19.489000320434570312 19.343999862670898438 19.257999420166015625 19.132999420166015625 19.018999099731445312 18.930999755859375 18.808000564575195312 18.701000213623046875
15.258999824523925781 15.609000205993652344 15.715999603271484375 15.704999923706054688 17.367000579833984375 22.38800048828125 22.309000015258789062 22.225000381469726562 22.114999771118164062 22.0970001220703125 22.061000823974609375 21.917999267578125 21.768999099731445312 21.698999404907226562 21.56800079345703125 21.41699981689453125 21.2910003662109375 21.163000106811523438 21.00099945068359375 20.930999755859375 20.8209991455078125 20.704000473022460938 20.632999420166015625 20.559000015258789062 20.465000152587890625 20.298999786376953125 20.239000320434570312 20.187999725341796875 20.034000396728515625 19.877000808715820312 19.773000717163085938 19.642999649047851562 19.516000747680664062 19.420000076293945312 19.315999984741210938 19.2089996337890625 19.099000930786132812 18.983999252319335938 18.86199951171875 18.76300048828125 18.656000137329101562
15.34799957275390625 15.842000007629394531 15.897000312805175781 15.963000297546386719 19.461000442504882812 22.468000411987304688 22.392000198364257812 22.3209991455078125 22.238000869750976562 22.1100006103515625 22.011999130249023438 21.905000686645507812 21.79000091552734375 21.669000625610351562 21.565000534057617188 21.450000762939453125 21.34799957275390625 21.232999801635742188 21.114999771118164062 21.011999130249023438 20.906000137329101562 20.773000717163085938 20.66699981689453125 20.558000564575195312 20.436000823974609375 20.364999771118164062 20.285999298095703125 20.207000732421875 20.108999252319335938 20.016000747680664062 19.893999099731445312 19.773000717163085938 19.658000946044921875 19.545999526977539062 19.413000106811523438 19.311000823974609375 19.201999664306640625 19.090999603271484375 18.981000900268554688 18.832000732421875 18.76300048828125
15.36100006103515625 15.7220001220703125 16.002000808715820312 16.173999786376953125 19.937999725341796875 22.524000167846679688 22.434000015258789062 22.3600006103515625 22.261999130249023438 22.162000656127929688 22.055999755859375 21.951999664306640625 21.836999893188476562 21.712999343872070312 21.604999542236328125 21.483999252319335938 21.363000869750976562 21.2350006103515625 21.13899993896484375 21.02700042724609375 20.910999298095703125 20.780000686645507812 20.660999298095703125 20.520000457763671875 20.423999786376953125 20.326999664306640625 20.252000808715820312 20.167999267578125 20.073999404907226562 19.941999435424804688 19.797000885009765625 19.686000823974609375 19.559000015258789062 19.5279998779296875 19.294000625610351562 19.280000686645507812 19.063999176025390625 18.927999496459960938 18.836000442504882812 18.802000045776367188 18.732999801635742188
15.376000404357910156 15.538000106811523438 16.120000839233398438 16.353000640869140625 19.198999404907226562 22.493999481201171875 22.409000396728515625 22.343000411987304688 22.238000869750976562 22.114000320434570312 22.010000228881835938 21.881000518798828125 21.756000518798828125 21.63899993896484375 21.511999130249023438 21.38899993896484375 21.253999710083007812 21.131000518798828125 21.002000808715820312 20.896999359130859375 20.766000747680664062 20.686000823974609375 20.590999603271484375 20.4850006103515625 20.315999984741210938 20.211000442504882812 20.162000656127929688 20.1100006103515625 19.982999801635742188 19.8339996337890625 19.80699920654296875 19.76300048828125 19.607999801635742188 19.531000137329101562 19.395999908447265625 19.27700042724609375 31.170000076293945312 35.5110015869140625 39.83499908447265625 39.660999298095703125 39.591999053955078125
15.282999992370605469 15.314999580383300781 16.191999435424804688 16.04000091552734375 16.636999130249023438 22.547000885009765625 22.3339996337890625 22.302000045776367188 22.177999496459960938 22.141000747680664062 28.173999786376953125 28.159999847412109375 27.992000579833984375 27.974000930786132812 29.983999252319335938 34.020999908447265625 38.036998748779296875 41.332000732421875 44.548999786376953125 44.34600067138671875 44.2760009765625 44.104999542236328125 43.94300079345703125 43.783000946044921875 43.66699981689453125 20.299999237060546875 20.076999664306640625 20.052000045776367188 19.919000625610351562 19.927999496459960938 43.9160003662109375 43.770999908447265625 43.657001495361328125 43.49700164794921875 43.421001434326171875 43.352001190185546875 43.3079986572265625 51.9980010986328125 60.7649993896484375 60.673000335693359375 60.48600006103515625
15.286000251770019531 15.163999557495117188 16.294000625610351562 16.131999969482421875 16.45999908447265625 22.805999755859375 22.37599945068359375 22.326999664306640625 22.194000244140625 22.1399993896484375 34.305999755859375 34.282001495361328125 34.13800048828125 34.130001068115234375 38.3040008544921875 38.21900177001953125 38.2089996337890625 41.589000701904296875 44.77899932861328125 44.68399810791015625 44.228000640869140625 44.037998199462890625 43.91699981689453125 43.770000457763671875 43.6269989013671875 20.239999771118164062 20.02700042724609375 19.996999740600585938 19.905000686645507812 19.88800048828125 43.773998260498046875 43.70600128173828125 43.5410003662109375 43.465000152587890625 43.44100189208984375 43.282001495361328125 43.233001708984375 51.937000274658203125 60.7050018310546875 60.6699981689453125 60.608001708984375
15.295999526977539062 15.163000106811523438 16.417999267578125 16.2649993896484375 16.344999313354492188 22.719999313354492188 22.410999298095703125 22.393999099731445312 22.295000076293945312 22.212999343872070312 34.3730010986328125 34.37799835205078125 34.21900177001953125 34.22299957275390625 38.437999725341796875 38.31800079345703125 38.36299896240234375 41.81999969482421875 45.04199981689453125 44.63899993896484375 44.154998779296875 43.90000152587890625 43.82199859619140625 43.727001190185546875 43.604999542236328125 20.204999923706054688 19.989000320434570312 19.95800018310546875 19.83499908447265625 19.812000274658203125 43.784999847412109375 43.58499908447265625 43.5110015869140625 43.479000091552734375 43.3209991455078125 43.2050018310546875 43.158000946044921875 51.8730010986328125 60.645000457763671875 60.60900115966796875 60.573001861572265625
15.321000099182128906 15.159999847412109375 16.591999053955078125 16.400999069213867188 16.386999130249023438 22.854999542236328125 22.464000701904296875 22.466999053955078125 22.392999649047851562 22.29199981689453125 34.4329986572265625 34.46900177001953125 34.298999786376953125 34.323001861572265625 38.56800079345703125 38.4199981689453125 38.5 42.034000396728515625 45.05500030517578125 44.5670013427734375 44.082000732421875 43.76300048828125 43.685001373291015625 43.606998443603515625 43.5260009765625 20.173000335693359375 19.924999237060546875 19.906000137329101562 19.788000106811523438 19.808000564575195312 43.633998870849609375 43.55699920654296875 43.51399993896484375 43.345001220703125 43.244998931884765625 43.1360015869140625 43.08300018310546875 51.811000823974609375 60.58499908447265625 60.548000335693359375 60.51300048828125
15.314999580383300781 15.130999565124511719 16.591999053955078125 16.566999435424804688 16.492000579833984375 22.891000747680664062 22.565999984741210938 22.547000885009765625 22.468000411987304688 22.44499969482421875 22.468999862670898438 22.327999114990234375 22.267000198364257812 22.184999465942382812 22.1399993896484375 22.135999679565429688 22.163000106811523438 31.038000106811523438 39.523998260498046875 39.04000091552734375 38.555999755859375 38.173999786376953125 38.09400177001953125 38.0149993896484375 37.939998626708984375 20.0839996337890625 19.863000869750976562 19.844999313354492188 19.733999252319335938 19.649999618530273438 43.604999542236328125 43.536998748779296875 43.366001129150390625 43.269001007080078125 43.1790008544921875 43.06600189208984375 43.007999420166015625 51.7480010986328125 60.523998260498046875 60.48799896240234375 60.451999664306640625
15.381999969482421875 15.098999977111816406 16.351999282836914062 16.729999542236328125 16.579000473022460938 22.900999069213867188 22.658000946044921875 22.6399993896484375 22.559999465942382812 22.51300048828125 22.576000213623046875 22.409999847412109375 22.266000747680664062 22.125 22.076999664306640625 22.082000732421875 22.1100006103515625 22.13899993896484375 39.436000823974609375 38.966999053955078125 38.483001708984375 38.049999237060546875 37.957000732421875 37.880001068115234375 37.842998504638671875 20.033000946044921875 19.802999496459960938 19.783000946044921875 19.684999465942382812 19.562999725341796875 43.563999176025390625 43.38800048828125 43.29199981689453125 43.201999664306640625 43.11199951171875 43.00099945068359375 42.9329986572265625 42.823001861572265625 60.464000701904296875 60.42800140380859375 60.391998291015625
15.413000106811523438 15.081000328063964844 16.378999710083007812 16.917999267578125 16.6790008544921875 22.329000473022460938 22.729999542236328125 22.728000640869140625 22.634000778198242188 22.506000518798828125 22.655000686645507812 22.420999526977539062 22.167999267578125 22.010999679565429688 21.941999435424804688 21.978000640869140625 22.04199981689453125 22.11100006103515625 39.41500091552734375 38.838001251220703125 38.408000946044921875 37.94300079345703125 37.819000244140625 37.80899810791015625 37.824001312255859375 19.98600006103515625 19.747999191284179688 19.739000320434570312 19.631999969482421875 19.517999649047851562 43.409000396728515625 43.31600189208984375 43.226001739501953125 43.134998321533203125 43.046001434326171875 42.938999176025390625 42.858001708984375 42.76200103759765625 60.4029998779296875 60.367000579833984375 60.33100128173828125
15.447999954223632812 15.069000244140625 15.975000381469726562 17.12400054931640625 16.794000625610351562 18.180999755859375 22.839000701904296875 22.809999465942382812 22.724000930786132812 22.59799957275390625 22.714000701904296875 22.371000289916992188 22.194000244140625 22.077999114990234375 21.996999740600585938 21.968000411987304688 21.885000228881835938 22.115999221801757812 39.519001007080078125 38.9010009765625 38.270000457763671875 37.82199859619140625 37.754001617431640625 37.773998260498046875 37.713001251220703125 19.898000717163085938 19.686000823974609375 19.642000198364257812 19.577999114990234375 19.45999908447265625 48.38700103759765625 48.283000946044921875 48.19300079345703125 48.103000640869140625 48.01300048828125 47.910999298095703125 47.81600189208984375 47.733001708984375 85.73600006103515625 85.6999969482421875 85.66400146484375
