input/clipped_raster_4m_big2.asc
ncols        155
nrows        140
xllcorner    524470.000000000000
yllcorner    5041014.000000000000
cellsize     4.000000000000
NODATA_value  -3.4028234663852885981e+38
[rows 90 to 107 of 140, columns 82 to 122 of 155]
156.0760040283203125 156.01800537109375 155.96099853515625 86.1999969482421875 16.298000335693359375 16.323999404907226562 16.211000442504882812 16.128999710083007812 192.2599945068359375 192.2339935302734375 192.095001220703125 191.944000244140625 191.79400634765625 191.64300537109375 191.49200439453125 191.34100341796875 191.1909942626953125 191.03900146484375 190.889007568359375 190.738006591796875 190.5879974365234375 190.4429931640625 190.3390045166015625 14.19499969482421875 14.036999702453613281 14.036999702453613281 13.9589996337890625 13.906999588012695312 13.835000038146972656 13.701999664306640625 13.576000213623046875 13.5 13.404000282287597656 13.251999855041503906 13.217000007629394531 13.23600006103515625 60.480998992919921875 107.73200225830078125 107.4369964599609375 107.31999969482421875 107.2310028076171875
156.1959991455078125 156.139007568359375 156.0760040283203125 86.2740020751953125 16.405000686645507812 16.372999191284179688 16.287000656127929688 16.215000152587890625 192.3000030517578125 192.25799560546875 192.1920013427734375 192.052001953125 191.9010009765625 191.75 191.600006103515625 191.449005126953125 191.298004150390625 191.1479949951171875 190.9969940185546875 190.8459930419921875 190.6970062255859375 190.6060028076171875 190.4770050048828125 14.329000473022460938 14.175000190734863281 14.154999732971191406 14.088999748229980469 14.022000312805175781 13.883999824523925781 13.710000038146972656 13.630999565124511719 13.501999855041503906 13.385999679565429688 13.265999794006347656 13.211000442504882812 13.130000114440917969 60.438999176025390625 107.70800018310546875 107.49700164794921875 107.38899993896484375 107.25099945068359375
156.3170013427734375 156.253997802734375 156.1089935302734375 86.358001708984375 16.621000289916992188 16.430999755859375 16.326000213623046875 16.326999664306640625 192.322998046875 192.2740020751953125 192.23199462890625 192.147003173828125 192.00799560546875 191.858001708984375 191.707000732421875 191.5570068359375 191.406005859375 191.2550048828125 191.1049957275390625 190.9550018310546875 190.8730010986328125 190.7469940185546875 190.6479949951171875 14.520999908447265625 14.310999870300292969 14.288000106811523438 14.215999603271484375 14.1660003662109375 25.319000244140625 25.127000808715820312 24.975999832153320312 36.05500030517578125 35.93199920654296875 35.7779998779296875 35.756000518798828125 47.79399871826171875 83.87200164794921875 107.54799652099609375 107.4420013427734375 107.3470001220703125 107.24900054931640625
156.4320068359375 156.2779998779296875 156.2169952392578125 86.54399871826171875 16.729000091552734375 16.510000228881835938 16.396999359130859375 16.357999801635742188 192.3350067138671875 192.32000732421875 192.2469940185546875 192.2030029296875 192.1020050048828125 191.96600341796875 191.81500244140625 191.66400146484375 191.51300048828125 191.363006591796875 191.212005615234375 191.1360015869140625 191.01800537109375 190.9160003662109375 190.81500244140625 14.701000213623046875 14.430999755859375 14.41699981689453125 14.34799957275390625 14.298999786376953125 36.694000244140625 36.602001190185546875 36.382999420166015625 36.283000946044921875 36.132999420166015625 35.870998382568359375 35.465999603271484375 71.45800018310546875 107.62400054931640625 107.4850006103515625 107.3939971923828125 107.31800079345703125 107.26000213623046875
156.449005126953125 156.3979949951171875 156.46600341796875 86.65599822998046875 16.802000045776367188 16.548999786376953125 16.493999481201171875 16.382999420166015625 192.4340057373046875 192.35400390625 192.302001953125 192.2230072021484375 192.16400146484375 192.0579986572265625 191.923004150390625 191.772003173828125 191.621002197265625 191.470001220703125 191.391998291015625 191.287994384765625 191.1719970703125 191.076995849609375 190.9239959716796875 14.9589996337890625 14.685000419616699219 14.545999526977539062 14.470000267028808594 14.43000030517578125 36.855998992919921875 36.68199920654296875 36.518001556396484375 36.45999908447265625 36.30899810791015625 35.993000030517578125 35.550998687744140625 71.48699951171875 107.70600128173828125 107.5800018310546875 107.477996826171875 107.4219970703125 107.3560028076171875
156.58099365234375 156.6309967041015625 156.5540008544921875 86.7089996337890625 16.865999221801757812 16.642999649047851562 16.5149993896484375 16.506000518798828125 192.488006591796875 192.4369964599609375 192.36700439453125 192.281005859375 192.197998046875 192.1190032958984375 192.01300048828125 191.8800048828125 191.72900390625 191.6410064697265625 191.5579986572265625 191.4239959716796875 191.34100341796875 191.2039947509765625 191.1150054931640625 15.154000282287597656 14.925999641418457031 14.677000045776367188 14.581000328063964844 14.576999664306640625 36.950000762939453125 36.75299835205078125 36.65000152587890625 36.59999847412109375 36.4850006103515625 36.115001678466796875 35.698001861572265625 71.7220001220703125 107.98200225830078125 107.83599853515625 107.70400238037109375 107.55100250244140625 107.4720001220703125
156.7870025634765625 156.7030029296875 156.626007080078125 86.85500335693359375 16.9720001220703125 16.691999435424804688 16.579000473022460938 16.621000289916992188 192.53900146484375 192.5420074462890625 192.4499969482421875 192.36700439453125 192.2610015869140625 192.1719970703125 192.0749969482421875 191.968994140625 191.873992919921875 191.8040008544921875 191.6829986572265625 191.5919952392578125 191.4739990234375 147.3289947509765625 103.17800140380859375 15.149999618530273438 15.020000457763671875 14.800000190734863281 14.734999656677246094 14.663999557495117188 14.5279998779296875 14.364000320434570312 14.284999847412109375 14.234000205993652344 14.154999732971191406 13.7910003662109375 13.411999702453613281 13.171999931335449219 13.067000389099121094 12.904999732971191406 12.718999862670898438 12.538999557495117188 12.36100006103515625
17.309999465942382812 17.167999267578125 17.1399993896484375 16.989000320434570312 16.934000015258789062 16.715999603271484375 16.62599945068359375 16.6100006103515625 16.5970001220703125 16.49900054931640625 16.365999221801757812 16.285999298095703125 16.167999267578125 16.0970001220703125 16.003999710083007812 15.911000251770019531 15.769000053405761719 15.689999580383300781 15.519000053405761719 15.442000389099121094 15.27700042724609375 15.199000358581542969 15.178999900817871094 15.107000350952148438 15.055999755859375 14.927000045776367188 14.842000007629394531 14.656999588012695312 14.494999885559082031 14.387000083923339844 14.211000442504882812 14.147999763488769531 13.949000358581542969 13.684000015258789062 13.463999748229980469 13.270999908447265625 13.076000213623046875 12.81999969482421875 12.642000198364257812 12.475000381469726562 12.269000053405761719
17.0279998779296875 16.909999847412109375 16.88899993896484375 16.934000015258789062 16.802000045776367188 16.732999801635742188 16.673999786376953125 16.534999847412109375 16.44499969482421875 16.343999862670898438 16.270000457763671875 16.172000885009765625 16.069000244140625 15.980999946594238281 15.911999702453613281 15.8339996337890625 15.741000175476074219 15.626999855041503906 15.5279998779296875 15.428999900817871094 15.342000007629394531 15.232000350952148438 15.156999588012695312 15.08300018310546875 15.032999992370605469 15.006999969482421875 14.944000244140625 14.77700042724609375 14.600000381469726562 14.420999526977539062 14.237999916076660156 14.074000358581542969 13.890000343322753906 13.699999809265136719 13.515000343322753906 13.340999603271484375 13.178999900817871094 13.003000259399414062 12.810999870300292969 12.621999740600585938 12.437000274658203125
17.0839996337890625 16.989000320434570312 16.877000808715820312 16.84600067138671875 16.774000167846679688 16.753000259399414062 16.72299957275390625 16.62400054931640625 16.530000686645507812 16.448999404907226562 16.364000320434570312 16.260999679565429688 16.156000137329101562 16.065000534057617188 15.975000381469726562 15.878000259399414062 15.77700042724609375 15.656999588012695312 15.581000328063964844 15.482000350952148438 15.383000373840332031 15.269000053405761719 15.171999931335449219 15.079000473022460938 15.020000457763671875 15.079000473022460938 15.012000083923339844 14.812000274658203125 14.59799957275390625 14.397999763488769531 14.22299957275390625 14.0410003662109375 13.817999839782714844 13.640000343322753906 13.442000389099121094 13.251000404357910156 13.04199981689453125 12.892999649047851562 12.713000297546386719 12.512999534606933594 12.329999923706054688
17.031000137329101562 16.9290008544921875 16.88899993896484375 16.930999755859375 16.785999298095703125 16.788999557495117188 16.7350006103515625 16.54000091552734375 16.469999313354492188 16.379999160766601562 16.29199981689453125 16.2089996337890625 16.117000579833984375 16.004999160766601562 15.923000335693359375 15.845999717712402344 15.821999549865722656 15.734000205993652344 15.560000419616699219 15.463000297546386719 15.385999679565429688 15.293999671936035156 15.180999755859375 15.107999801635742188 14.963999748229980469 15.116999626159667969 15.069000244140625 14.904999732971191406 14.781999588012695312 14.543999671936035156 14.329000473022460938 14.145999908447265625 13.927000045776367188 13.737000465393066406 13.539999961853027344 13.350999832153320312 25.399999618530273438 25.280000686645507812 25.104999542236328125 24.969999313354492188 24.798999786376953125
17.218000411987304688 17.118999481201171875 17.0709991455078125 17.010000228881835938 16.944000244140625 16.805999755859375 16.767999649047851562 16.542999267578125 46.629001617431640625 46.561000823974609375 46.5260009765625 76.38700103759765625 76.32900238037109375 76.19100189208984375 76.09999847412109375 75.9329986572265625 59.506000518798828125 59.490001678466796875 59.3470001220703125 59.255001068115234375 59.22100067138671875 59.1399993896484375 59.00099945068359375 37.06600189208984375 15.022000312805175781 15.173999786376953125 15.145999908447265625 15.034000396728515625 36.78900146484375 36.55300140380859375 36.244998931884765625 35.784000396728515625 13.369000434875488281 13.302000045776367188 13.303999900817871094 13.262999534606933594 37.6959991455078125 37.58300018310546875 37.44300079345703125 37.30699920654296875 37.273998260498046875
166.311004638671875 166.1920013427734375 166.1719970703125 166.087005615234375 17.059999465942382812 16.912000656127929688 16.86100006103515625 16.677000045776367188 76.73699951171875 76.81600189208984375 76.66300201416015625 76.57599639892578125 76.45600128173828125 76.33899688720703125 76.1750030517578125 76.0839996337890625 59.58499908447265625 59.5579986572265625 59.52899932861328125 59.368000030517578125 59.28099822998046875 59.257999420166015625 59.1510009765625 59.02899932861328125 15.147000312805175781 15.234999656677246094 15.210000038146972656 15.088999748229980469 36.875 36.47299957275390625 36.01399993896484375 35.55500030517578125 13.267999649047851562 13.225999832153320312 13.170000076293945312 13.072999954223632812 37.520000457763671875 37.490001678466796875 37.382999420166015625 37.255001068115234375 37.180999755859375
166.3939971923828125 166.3679962158203125 166.2610015869140625 166.240997314453125 17.058000564575195312 17.021999359130859375 16.9850006103515625 16.792999267578125 76.904998779296875 76.86199951171875 76.77700042724609375 76.67600250244140625 76.54900360107421875 76.39600372314453125 76.30699920654296875 76.2259979248046875 59.72299957275390625 59.618999481201171875 59.582000732421875 59.55500030517578125 59.38899993896484375 59.298999786376953125 59.270999908447265625 59.129001617431640625 15.284000396728515625 15.357000350952148438 15.307999610900878906 15.223999977111816406 36.93199920654296875 36.452999114990234375 35.96900177001953125 35.48799896240234375 13.244000434875488281 13.151000022888183594 13.0970001220703125 12.9720001220703125 37.43199920654296875 37.394001007080078125 37.312000274658203125 37.20800018310546875 37.0989990234375
166.4320068359375 166.4409942626953125 166.423004150390625 166.337005615234375 17.261999130249023438 17.16500091552734375 17.125 16.979000091552734375 47.04399871826171875 76.97499847412109375 76.9010009765625 76.75800323486328125 76.61699676513671875 76.52899932861328125 76.44899749755859375 76.3690032958984375 59.866001129150390625 59.758998870849609375 59.6529998779296875 59.605998992919921875 59.576999664306640625 59.409000396728515625 59.3209991455078125 59.2760009765625 15.418999671936035156 15.470999717712402344 15.411000251770019531 15.359000205993652344 37.0839996337890625 36.603000640869140625 36.117000579833984375 35.62599945068359375 13.276000022888183594 13.168000221252441406 13.071999549865722656 12.975999832153320312 12.932999610900878906 12.774000167846679688 12.699999809265136719 12.609000205993652344 12.45800018310546875
166.430999755859375 166.457000732421875 166.4850006103515625 166.4799957275390625 17.357000350952148438 17.274999618530273438 17.256000518798828125 17.047000885009765625 47.185001373291015625 77.1139984130859375 76.9739990234375 76.8379974365234375 76.75 76.6699981689453125 76.59100341796875 76.5110015869140625 60.007999420166015625 59.90200042724609375 59.796001434326171875 59.689998626708984375 59.62799835205078125 59.604000091552734375 59.43399810791015625 59.345001220703125 15.501000404357910156 15.571999549865722656 15.526000022888183594 15.461000442504882812 37.241001129150390625 36.74900054931640625 36.256999969482421875 35.76399993896484375 13.371000289916992188 13.227000236511230469 13.090999603271484375 12.963999748229980469 12.887000083923339844 12.782999992370605469 12.699000358581542969 12.515000343322753906 12.366999626159667969
166.5200042724609375 166.50799560546875 166.496002197265625 166.48199462890625 17.502000808715820312 17.399000167846679688 17.395000457763671875 17.260000228881835938 47.326999664306640625 77.19699859619140625 77.06099700927734375 76.97100067138671875 76.89099884033203125 76.8119964599609375 76.733001708984375 76.6529998779296875 60.1510009765625 60.0449981689453125 59.938999176025390625 59.832000732421875 59.726001739501953125 59.65200042724609375 59.630001068115234375 59.46099853515625 15.703000068664550781 15.684000015258789062 15.618000030517578125 15.401000022888183594 37.3769989013671875 36.89099884033203125 36.4010009765625 35.912998199462890625 13.461999893188476562 13.295000076293945312 13.156999588012695312 13.048000335693359375 12.94499969482421875 12.862000465393066406 12.779999732971191406 12.612000465393066406 12.461000442504882812
166.680999755859375 166.6929931640625 166.6929931640625 166.6820068359375 17.673000335693359375 17.521999359130859375 17.534000396728515625 17.399000167846679688 47.410999298095703125 77.279998779296875 77.1920013427734375 77.11299896240234375 77.03399658203125 76.95400238037109375 76.875 76.7949981689453125 60.29399871826171875 60.187999725341796875 60.08100128173828125 59.97499847412109375 59.868999481201171875 59.76300048828125 59.673000335693359375 59.659999847412109375 15.765000343322753906 15.77700042724609375 15.725999832153320312 15.557999610900878906 37.54199981689453125 37.207000732421875 36.7220001220703125 36.21900177001953125 13.616999626159667969 13.348999977111816406 13.175000190734863281 13.038000106811523438 12.961999893188476562 12.788999557495117188 12.786000251770019531 12.553000450134277344 12.460000038146972656
