input/clipped_portland_4m_dem.asc
ncols        68
nrows        63
xllcorner    524330.000000000000
yllcorner    5041050.000000000000
cellsize     4.000000000000
NODATA_value  -3.4028234663852885981e+38
[rows 36 to 53 of 63, columns 0 to 40 of 68]
28.843000411987304688 28.725000381469726562 28.576999664306640625 28.558000564575195312 28.524000167846679688 28.37599945068359375 28.2910003662109375 28.226999282836914062 28.150999069213867188 28.017999649047851562 27.891000747680664062 27.725999832153320312 27.576999664306640625 27.455999374389648438 27.375 27.233999252319335938 27.079999923706054688 26.9720001220703125 26.8470001220703125 39.94699859619140625 39.83499908447265625 39.720001220703125 26.284000396728515625 26.218999862670898438 26.194000244140625 26 49.923999786376953125 50.018001556396484375 49.949001312255859375 25.891000747680664062 25.773000717163085938 25.455999374389648438 25.311000823974609375 25.176000595092773438 25.034000396728515625 24.885000228881835938 22.900999069213867188 17.75099945068359375 16.631999969482421875 16.580999374389648438 16.454000473022460938
28.774000167846679688 28.69300079345703125 28.606000900268554688 28.406999588012695312 28.4160003662109375 28.266000747680664062 28.332000732421875 28.301000595092773438 28.174999237060546875 28.107999801635742188 27.785999298095703125 27.742000579833984375 27.575000762939453125 27.496999740600585938 53.930999755859375 53.827999114990234375 53.741001129150390625 53.465999603271484375 53.27700042724609375 53.13800048828125 52.97299957275390625 52.8079986572265625 26.146999359130859375 26.038000106811523438 26.003999710083007812 25.829000473022460938 73.76399993896484375 73.64099884033203125 73.3130035400390625 25.43199920654296875 25.507999420166015625 25.517999649047851562 25.20800018310546875 25.065000534057617188 24.937999725341796875 24.784999847412109375 24.391000747680664062 17.787000656127929688 16.822000503540039062 16.562999725341796875 16.503999710083007812
28.565999984741210938 28.45800018310546875 28.354999542236328125 28.187000274658203125 28.158000946044921875 28.05500030517578125 28.1529998779296875 28.011999130249023438 27.923000335693359375 27.836000442504882812 27.787000656127929688 27.606000900268554688 27.531999588012695312 27.531999588012695312 53.98400115966796875 53.783000946044921875 53.465000152587890625 53.16699981689453125 53.02700042724609375 52.880001068115234375 52.757999420166015625 52.576000213623046875 25.962999343872070312 25.822000503540039062 25.80500030517578125 25.551000595092773438 73.5619964599609375 73.1869964599609375 72.79599761962890625 24.636999130249023438 24.798999786376953125 25.256999969482421875 25.131000518798828125 24.913999557495117188 24.781000137329101562 24.63800048828125 24.746999740600585938 19.614000320434570312 17.121000289916992188 16.52899932861328125 16.525999069213867188
28.412000656127929688 28.268999099731445312 28.059999465942382812 27.9160003662109375 27.978000640869140625 27.77899932861328125 27.837999343872070312 27.770999908447265625 27.70800018310546875 27.684999465942382812 40.995998382568359375 54.116001129150390625 54.133998870849609375 54.078998565673828125 53.79199981689453125 53.48699951171875 53.167999267578125 52.868000030517578125 52.772998809814453125 52.62599945068359375 52.479999542236328125 52.370998382568359375 25.7779998779296875 25.663999557495117188 25.594999313354492188 25.38800048828125 73.371002197265625 72.8430023193359375 72.30899810791015625 24.033000946044921875 24.287000656127929688 24.753999710083007812 25.08499908447265625 24.761999130249023438 24.625 24.50099945068359375 24.608999252319335938 24.086000442504882812 17.535999298095703125 16.56800079345703125 16.551000595092773438
28.1529998779296875 28.017999649047851562 27.839000701904296875 27.702999114990234375 27.714000701904296875 27.622999191284179688 27.63800048828125 27.538000106811523438 27.468000411987304688 27.475999832153320312 40.90399932861328125 54.1529998779296875 54.24900054931640625 54.0970001220703125 53.546001434326171875 53.188999176025390625 52.869998931884765625 52.56999969482421875 52.519001007080078125 52.3730010986328125 52.226001739501953125 52.108001708984375 25.575000762939453125 25.489999771118164062 25.434000015258789062 25.34799957275390625 73.15899658203125 72.48000335693359375 71.81400299072265625 23.41699981689453125 23.628000259399414062 24.2220001220703125 24.775999069213867188 24.615999221801757812 24.455999374389648438 24.33300018310546875 24.464000701904296875 24.427999496459960938 17.802999496459960938 16.822999954223632812 16.545000076293945312
27.91500091552734375 27.733999252319335938 27.579000473022460938 27.427999496459960938 27.475000381469726562 27.30500030517578125 27.305999755859375 27.301000595092773438 27.254999160766601562 27.218000411987304688 40.729999542236328125 54.1139984130859375 54.2519989013671875 54.087001800537109375 53.505001068115234375 52.812999725341796875 52.574001312255859375 52.285999298095703125 52.2649993896484375 52.118999481201171875 51.990001678466796875 51.9980010986328125 25.398000717163085938 25.29000091552734375 25.231000900268554688 25.059999465942382812 49.089000701904296875 72.25499725341796875 71.483001708984375 22.905000686645507812 23.226999282836914062 23.843999862670898438 24.379999160766601562 24.48600006103515625 24.267000198364257812 24.148000717163085938 24.256000518798828125 24.372999191284179688 20.961000442504882812 17.188999176025390625 16.506000518798828125
27.673000335693359375 27.45999908447265625 27.315000534057617188 27.159000396728515625 27.226999282836914062 27.049999237060546875 27.05699920654296875 27.024999618530273438 26.961000442504882812 26.944000244140625 40.506999969482421875 54.087001800537109375 54.240001678466796875 54.07199859619140625 53.479999542236328125 52.34400177001953125 52.27899932861328125 52.00099945068359375 52.0110015869140625 51.880001068115234375 51.909999847412109375 51.81999969482421875 25.20800018310546875 25.099000930786132812 25.08499908447265625 24.995000839233398438 48.979999542236328125 72.01300048828125 71.102996826171875 46.285999298095703125 22.878999710083007812 23.55699920654296875 24.131000518798828125 24.322000503540039062 24.072000503540039062 23.937000274658203125 23.9850006103515625 24.368999481201171875 23.700000762939453125 17.5149993896484375 16.576000213623046875
27.444000244140625 27.184000015258789062 27.04000091552734375 26.93000030517578125 26.976999282836914062 26.770000457763671875 26.840999603271484375 26.770999908447265625 26.670999526977539062 26.677000045776367188 33.783000946044921875 40.75099945068359375 40.937999725341796875 27.549999237060546875 53.452999114990234375 52.07199859619140625 51.8470001220703125 51.730998992919921875 51.76200103759765625 51.814998626708984375 51.699001312255859375 51.590999603271484375 25.010000228881835938 24.930999755859375 24.871000289916992188 24.714000701904296875 48.80300140380859375 71.772003173828125 70.7050018310546875 45.768001556396484375 22.311000823974609375 23.37599945068359375 23.836000442504882812 24.125 23.854000091552734375 23.729000091552734375 23.6959991455078125 24.135999679565429688 24.19499969482421875 18.773000717163085938 16.927000045776367188
27.302999496459960938 26.9290008544921875 26.7910003662109375 26.670999526977539062 26.716999053955078125 26.54000091552734375 26.56999969482421875 26.464000701904296875 26.378000259399414062 26.322000503540039062 33.96900177001953125 33.853000640869140625 33.671001434326171875 25.90399932861328125 25.1399993896484375 24.975000381469726562 24.899999618530273438 24.97100067138671875 25.170000076293945312 25.1399993896484375 25.004999160766601562 24.920000076293945312 24.826999664306640625 24.731000900268554688 24.719999313354492188 24.621999740600585938 48.45999908447265625 71.35199737548828125 70.26599884033203125 45.3170013427734375 21.93199920654296875 23.20800018310546875 23.579000473022460938 23.870000839233398438 23.6529998779296875 23.524999618530273438 23.448999404907226562 23.892999649047851562 24.184999465942382812 21.521999359130859375 17.25
49.421001434326171875 49.54000091552734375 37.894001007080078125 26.406999588012695312 26.44499969482421875 26.280000686645507812 26.302999496459960938 26.202999114990234375 26.044000625610351562 25.940999984741210938 40.851001739501953125 40.86199951171875 40.369998931884765625 24.885999679565429688 24.408000946044921875 24.627000808715820312 24.7649993896484375 24.832000732421875 24.9160003662109375 24.86100006103515625 24.812000274658203125 24.726999282836914062 24.641000747680664062 24.538000106811523438 24.531999588012695312 24.4029998779296875 48.29000091552734375 71.233001708984375 70.18499755859375 45.27899932861328125 21.688999176025390625 23.045999526977539062 23.292999267578125 23.656000137329101562 23.474000930786132812 23.336999893188476562 23.275999069213867188 23.672000885009765625 23.993000030517578125 23.906000137329101562 17.5
49.173999786376953125 49.08499908447265625 37.66899871826171875 26.146999359130859375 26.187999725341796875 26.024000167846679688 26.047000885009765625 25.930999755859375 25.781000137329101562 25.5839996337890625 25.349000930786132812 25.131000518798828125 24.934000015258789062 24.77899932861328125 24.538999557495117188 24.549999237060546875 24.607000350952148438 24.622999191284179688 24.701000213623046875 24.645000457763671875 24.563999176025390625 24.5 24.451000213623046875 24.3470001220703125 24.395999908447265625 24.1529998779296875 48.12200164794921875 71.1699981689453125 70.18199920654296875 45.31999969482421875 21.761999130249023438 23 23.12400054931640625 23.4720001220703125 23.357999801635742188 23.18199920654296875 23.117000579833984375 23.368999481201171875 23.8209991455078125 23.867000579833984375 19.02700042724609375
48.90399932861328125 48.83499908447265625 37.375 25.844999313354492188 25.93199920654296875 25.747999191284179688 25.774000167846679688 25.68000030517578125 25.461999893188476562 25.243999481201171875 25.009000778198242188 24.86199951171875 24.656999588012695312 24.520999908447265625 24.489999771118164062 24.468999862670898438 24.483999252319335938 24.364000320434570312 24.51300048828125 24.4720001220703125 24.36100006103515625 24.340999603271484375 24.271999359130859375 24.15200042724609375 24.170999526977539062 24.0839996337890625 47.980998992919921875 71.10500335693359375 70.18399810791015625 45.345001220703125 21.322000503540039062 22.787000656127929688 22.937000274658203125 23.29199981689453125 23.252000808715820312 23.031999588012695312 22.988000869750976562 23.160999298095703125 23.672000885009765625 23.752000808715820312 22.481000900268554688
48.633998870849609375 48.564998626708984375 37.08599853515625 25.6529998779296875 25.6660003662109375 25.510999679565429688 25.464000701904296875 25.398000717163085938 25.159999847412109375 24.961999893188476562 24.739999771118164062 24.6100006103515625 24.447999954223632812 24.368000030517578125 24.400999069213867188 24.40200042724609375 24.364999771118164062 24.298000335693359375 24.326999664306640625 24.316999435424804688 24.201999664306640625 24.190999984741210938 24.089000701904296875 23.982999801635742188 24.003999710083007812 23.91500091552734375 47.7779998779296875 70.9550018310546875 70.09999847412109375 45.40200042724609375 21.826000213623046875 22.952999114990234375 22.811000823974609375 23.197000503540039062 23.108999252319335938 22.909999847412109375 22.905000686645507812 22.940999984741210938 23.252000808715820312 23.492000579833984375 23.600000381469726562
48.3639984130859375 48.3339996337890625 36.8600006103515625 25.336000442504882812 25.38899993896484375 25.247999191284179688 25.240999221801757812 25.204000473022460938 24.976999282836914062 24.740999221801757812 24.5709991455078125 24.430999755859375 24.313999176025390625 24.254999160766601562 24.298000335693359375 24.295999526977539062 24.229000091552734375 24.141000747680664062 24.201999664306640625 24.128999710083007812 24.017000198364257812 24.024000167846679688 23.909000396728515625 23.795000076293945312 23.844999313354492188 23.72100067138671875 23.688999176025390625 70.87599945068359375 70.2949981689453125 45.978000640869140625 22.816999435424804688 22.891000747680664062 22.802000045776367188 23.13899993896484375 22.941999435424804688 22.88899993896484375 22.863000869750976562 22.832000732421875 23.0839996337890625 23.274000167846679688 23.454000473022460938
36.756999969482421875 36.717998504638671875 30.927000045776367188 25.08300018310546875 25.11100006103515625 25.010999679565429688 25.033000946044921875 24.974000930786132812 24.840000152587890625 24.687000274658203125 24.489999771118164062 24.423999786376953125 24.29000091552734375 24.13800048828125 24.20999908447265625 24.1959991455078125 24.100000381469726562 24.048000335693359375 24.033000946044921875 23.937000274658203125 23.841999053955078125 23.857999801635742188 23.729999542236328125 23.625 23.65200042724609375 23.525999069213867188 23.489000320434570312 71.28800201416015625 70.74900054931640625 70.6309967041015625 46.964000701904296875 23.017000198364257812 23.04199981689453125 23.002000808715820312 22.826999664306640625 22.864999771118164062 22.870000839233398438 22.836999893188476562 22.8600006103515625 23.099000930786132812 23.284000396728515625
25.398000717163085938 25.247999191284179688 25.145000457763671875 25.121000289916992188 25.0839996337890625 24.9589996337890625 24.794000625610351562 24.725999832153320312 24.6529998779296875 24.587999343872070312 24.49900054931640625 24.419000625610351562 24.344999313354492188 24.284000396728515625 24.1959991455078125 24.086000442504882812 23.995000839233398438 23.927000045776367188 23.884000778198242188 23.79199981689453125 23.72100067138671875 23.718999862670898438 23.566999435424804688 23.4290008544921875 23.496000289916992188 23.37400054931640625 23.349000930786132812 71.259002685546875 71.17299652099609375 71.082000732421875 47.090000152587890625 23.107999801635742188 23.011999130249023438 22.857000350952148438 22.91699981689453125 22.9459991455078125 22.927999496459960938 22.886999130249023438 22.881999969482421875 22.877000808715820312 22.99900054931640625
25.561000823974609375 25.440999984741210938 25.313999176025390625 25.214000701904296875 25.145999908447265625 25.052000045776367188 24.951000213623046875 24.858999252319335938 24.774999618530273438 24.649000167846679688 24.537000656127929688 24.483999252319335938 24.371000289916992188 24.256999969482421875 24.212999343872070312 24.101999282836914062 24.00099945068359375 23.878999710083007812 23.746999740600585938 23.608999252319335938 23.479999542236328125 23.43199920654296875 23.329999923706054688 23.378999710083007812 23.43000030517578125 23.368000030517578125 23.183000564575195312 23.145999908447265625 23.107999801635742188 23.063999176025390625 23.049999237060546875 22.9850006103515625 22.982999801635742188 23.003999710083007812 23.009000778198242188 22.989000320434570312 22.983999252319335938 22.940000534057617188 22.97299957275390625 22.982000350952148438 22.990999221801757812
25.400999069213867188 25.298999786376953125 25.215999603271484375 25.091999053955078125 25.047000885009765625 24.964000701904296875 24.899999618530273438 24.825000762939453125 24.768999099731445312 24.66699981689453125 24.582000732421875 24.531999588012695312 24.44300079345703125 24.38800048828125 24.31999969482421875 24.232000350952148438 24.141000747680664062 24.017999649047851562 23.919000625610351562 23.788999557495117188 23.68199920654296875 23.5970001220703125 23.509000778198242188 23.461000442504882812 23.444000244140625 23.413999557495117188 23.315000534057617188 23.34799957275390625 23.319000244140625 23.275999069213867188 23.231000900268554688 23.204999923706054688 23.172000885009765625 23.149999618530273438 23.149999618530273438 23.108999252319335938 23.09600067138671875 23.099000930786132812 23.086999893188476562 23.08499908447265625 23.076999664306640625
