input/clipped_raster_4m_big2.asc
ncols        155
nrows        140
xllcorner    524470.000000000000
yllcorner    5041014.000000000000
cellsize     4.000000000000
NODATA_value  -3.4028234663852885981e+38
[rows 18 to 35 of 140, columns 82 to 122 of 155]
11.987999916076660156 12.036000251770019531 12.008000373840332031 12.026000022888183594 12.034000396728515625 12.001999855041503906 12.0839996337890625 12.031000137329101562 12.036999702453613281 11.968000411987304688 11.975999832153320312 11.982999801635742188 12.008000373840332031 11.970000267028808594 11.892000198364257812 11.857000350952148438 11.815999984741210938 11.831000328063964844 11.782999992370605469 11.793999671936035156 11.6529998779296875 11.694000244140625 11.760000228881835938 11.76399993896484375 11.72299957275390625 11.670000076293945312 11.704999923706054688 11.668999671936035156 11.609000205993652344 11.517999649047851562 11.397000312805175781 11.383000373840332031 11.378999710083007812 11.336000442504882812 11.307000160217285156 11.288999557495117188 11.286999702453613281 11.272999763488769531 11.234999656677246094 11.227999687194824219 11.201000213623046875
12.045999526977539062 12.11100006103515625 12.112999916076660156 12.095999717712402344 12.118000030517578125 12.112000465393066406 12.112000465393066406 12.038000106811523438 12.067000389099121094 12.031999588012695312 12.05500030517578125 12.003999710083007812 11.979000091552734375 11.965000152587890625 11.940999984741210938 11.887999534606933594 11.88899993896484375 11.845000267028808594 11.798999786376953125 11.8470001220703125 11.784999847412109375 11.789999961853027344 11.760999679565429688 11.765000343322753906 11.718999862670898438 11.692999839782714844 11.661000251770019531 11.633000373840332031 11.607999801635742188 11.574000358581542969 11.552000045776367188 11.508000373840332031 11.493000030517578125 11.465999603271484375 11.420000076293945312 11.369999885559082031 11.357000350952148438 11.345000267028808594 11.293000221252441406 11.286000251770019531 11.260000228881835938
12.213999748229980469 12.241999626159667969 12.187999725341796875 12.133000373840332031 12.145000457763671875 12.164999961853027344 12.137000083923339844 12.08300018310546875 12.081999778747558594 12.048000335693359375 12.010999679565429688 12.012999534606933594 11.979999542236328125 11.954999923706054688 11.951999664306640625 11.907999992370605469 11.8470001220703125 11.83300018310546875 11.803000450134277344 11.77700042724609375 11.746000289916992188 11.718000411987304688 11.7220001220703125 11.762999534606933594 11.732000350952148438 11.612000465393066406 11.51399993896484375 11.5 11.437999725341796875 11.428000450134277344 11.394000053405761719 11.369999885559082031 11.343999862670898438 11.324999809265136719 11.269000053405761719 11.256999969482421875 11.295000076293945312 11.255999565124511719 11.199000358581542969 11.258999824523925781 11.173999786376953125
12.142999649047851562 12.109999656677246094 12.109999656677246094 12.147999763488769531 12.062000274658203125 12.053999900817871094 12.079000473022460938 12.053000450134277344 12.074000358581542969 12.081999778747558594 12.034000396728515625 12.022000312805175781 11.95800018310546875 11.996999740600585938 11.97299957275390625 11.963000297546386719 12.008999824523925781 11.878999710083007812 11.871999740600585938 11.857999801635742188 11.770000457763671875 11.760999679565429688 11.65200042724609375 11.755000114440917969 11.732000350952148438 17.531000137329101562 23.340000152587890625 17.44499969482421875 11.562999725341796875 23.257999420166015625 23.186000823974609375 23.174999237060546875 23.162000656127929688 32.147998809814453125 32.089000701904296875 32.0989990234375 32.019001007080078125 31.996999740600585938 31.968000411987304688 31.981000900268554688 31.950000762939453125
32.634998321533203125 32.5579986572265625 12.019000053405761719 12.128000259399414062 12.017000198364257812 156.8849945068359375 157.03399658203125 157.07000732421875 157.0070037841796875 157.03399658203125 156.9730072021484375 156.9320068359375 156.9329986572265625 156.9589996337890625 157.003997802734375 156.89599609375 63.175998687744140625 63.13899993896484375 63.076999664306640625 63.037998199462890625 62.924999237060546875 11.831999778747558594 11.687999725341796875 11.786000251770019531 11.812999725341796875 23.434000015258789062 35.15200042724609375 35.1699981689453125 35.069000244140625 35.15599822998046875 35.06600189208984375 35.00299835205078125 34.981998443603515625 32.26300048828125 32.241001129150390625 32.20600128173828125 32.10900115966796875 32.03900146484375 32.01599884033203125 32.016998291015625 32.01200103759765625
53.019001007080078125 52.917999267578125 12.123000144958496094 12.126000404357910156 12.043000221252441406 156.936004638671875 157.050994873046875 157.0290069580078125 157.001007080078125 156.906005859375 156.8800048828125 156.837005615234375 156.826995849609375 156.822998046875 156.802001953125 156.7819976806640625 63.0670013427734375 63.048999786376953125 63.032001495361328125 63.036998748779296875 63.047000885009765625 11.935999870300292969 11.758999824523925781 11.800000190734863281 11.852999687194824219 23.440000534057617188 35.154998779296875 35.09400177001953125 35.161998748779296875 35.104000091552734375 35.036998748779296875 35.023998260498046875 34.99900054931640625 32.2779998779296875 32.2519989013671875 32.213001251220703125 32.19499969482421875 32.125 32.04399871826171875 31.996000289916992188 31.989999771118164062
53.060001373291015625 52.95600128173828125 12.119000434875488281 12.128000259399414062 12.072999954223632812 156.8589935302734375 157.0330047607421875 156.9969940185546875 156.9470062255859375 156.9239959716796875 156.9029998779296875 156.88299560546875 156.860992431640625 156.8329925537109375 156.80999755859375 156.7949981689453125 63.075000762939453125 63.0579986572265625 63.04000091552734375 63.032001495361328125 63.060001373291015625 11.956000328063964844 11.701000213623046875 11.824999809265136719 11.94499969482421875 11.741999626159667969 35.12799835205078125 35.16699981689453125 35.13700103759765625 35.074001312255859375 35.061000823974609375 35.023998260498046875 35.01399993896484375 32.29399871826171875 32.266998291015625 32.21900177001953125 32.18399810791015625 32.162998199462890625 32.133998870849609375 32.051998138427734375 31.982999801635742188
53.046001434326171875 52.897998809814453125 12.140000343322753906 12.145999908447265625 12.100000381469726562 120.733001708984375 156.983001708984375 156.977996826171875 156.968994140625 156.9459991455078125 156.9279937744140625 156.9040069580078125 156.875 156.84100341796875 156.8179931640625 156.8079986572265625 109.94699859619140625 63.06800079345703125 63.048999786376953125 63.032001495361328125 63.073001861572265625 11.946000099182128906 11.70800018310546875 11.8470001220703125 11.963000297546386719 11.737000465393066406 35.18399810791015625 35.15599822998046875 35.106998443603515625 35.090000152587890625 35.050998687744140625 35.03900146484375 35.02899932861328125 32.30899810791015625 32.279998779296875 32.23400115966796875 32.186000823974609375 32.154998779296875 32.1360015869140625 32.12799835205078125 32.0579986572265625
53.09799957275390625 52.9720001220703125 12.20800018310546875 12.1529998779296875 12.088000297546386719 84.41400146484375 157.0099945068359375 157.009002685546875 156.9900054931640625 156.9720001220703125 156.94500732421875 156.917999267578125 156.8899993896484375 156.8430023193359375 156.8249969482421875 156.81500244140625 109.957000732421875 63.09799957275390625 63.069000244140625 63.04000091552734375 63.032001495361328125 11.939999580383300781 11.762999534606933594 11.852000236511230469 11.784000396728515625 11.704999923706054688 35.16400146484375 35.145999908447265625 35.116001129150390625 35.076000213623046875 35.063999176025390625 35.05500030517578125 35.046001434326171875 21.965000152587890625 32.2949981689453125 32.24700164794921875 32.201000213623046875 32.1529998779296875 32.1269989013671875 32.125 32.09999847412109375
53.133998870849609375 52.9850006103515625 12.109000205993652344 12.085000038146972656 12.105999946594238281 84.5370025634765625 157.042999267578125 157.0330047607421875 157.014007568359375 156.988006591796875 156.9589996337890625 156.9329986572265625 156.9040069580078125 156.845001220703125 156.8329925537109375 156.822998046875 109.964996337890625 63.104999542236328125 63.09600067138671875 63.075000762939453125 63.035999298095703125 37.5110015869140625 11.753000259399414062 11.871999740600585938 11.781999588012695312 11.661999702453613281 35.175998687744140625 35.141998291015625 35.102001190185546875 35.089000701904296875 35.078998565673828125 35.069000244140625 35.060001373291015625 21.979999542236328125 32.3079986572265625 32.26200103759765625 32.214000701904296875 32.16699981689453125 32.119998931884765625 32.09799957275390625 32.1230010986328125
53.23699951171875 53.016998291015625 12.1529998779296875 12.112000465393066406 12.09799957275390625 84.516998291015625 157.0460052490234375 157.0579986572265625 157.0279998779296875 157.0019989013671875 156.9730072021484375 156.9470062255859375 156.917999267578125 156.8509979248046875 156.839996337890625 156.8300018310546875 109.97100067138671875 63.11299896240234375 63.103000640869140625 63.09400177001953125 63.078998565673828125 37.51200103759765625 11.826000213623046875 11.880999565124511719 11.789999961853027344 11.673000335693359375 35.167999267578125 35.1269989013671875 35.11299896240234375 35.104000091552734375 35.095001220703125 35.08599853515625 35.076000213623046875 21.996000289916992188 32.323001861572265625 32.27500152587890625 32.229000091552734375 32.180999755859375 32.133998870849609375 32.088001251220703125 50.699001312255859375
53.325000762939453125 53.034999847412109375 12.105999946594238281 12.116999626159667969 12.116999626159667969 84.54000091552734375 157.0850067138671875 157.0720062255859375 157.042999267578125 157.0160064697265625 156.98699951171875 156.96099853515625 156.92999267578125 156.85699462890625 156.8470001220703125 156.837005615234375 109.97899627685546875 63.120998382568359375 63.1100006103515625 63.09999847412109375 63.090999603271484375 37.521999359130859375 11.795999526977539062 11.881999969482421875 11.815999984741210938 11.70800018310546875 31.533000946044921875 27.898000717163085938 27.88800048828125 27.878000259399414062 27.868999481201171875 27.858999252319335938 27.850000381469726562 27.840000152587890625 27.805999755859375 35.8639984130859375 43.9199981689453125 43.87400054931640625 43.826000213623046875 43.779998779296875 43.733001708984375
28.688999176025390625 28.3470001220703125 12.15200042724609375 12.128999710083007812 12.133000373840332031 84.51300048828125 157.1009979248046875 157.0959930419921875 157.0570068359375 157.031005859375 157.001007080078125 156.975006103515625 156.9340057373046875 156.8650054931640625 156.8549957275390625 156.845001220703125 109.98600006103515625 63.12799835205078125 63.118000030517578125 63.108001708984375 63.108001708984375 37.555999755859375 11.81999969482421875 11.892000198364257812 11.845999717712402344 11.720000267028808594 27.905000686645507812 27.913000106811523438 27.9029998779296875 27.893999099731445312 27.885000228881835938 27.875 27.865999221801757812 27.856000900268554688 27.8209991455078125 35.8769989013671875 43.935001373291015625 43.88700103759765625 43.840000152587890625 43.79399871826171875 43.729000091552734375
28.662000656127929688 28.312000274658203125 12.196000099182128906 12.133000373840332031 12.130000114440917969 84.5319976806640625 157.093994140625 157.121002197265625 157.076995849609375 157.0449981689453125 157.0149993896484375 156.9889984130859375 156.927001953125 156.8719940185546875 156.86199951171875 156.8520050048828125 109.9940032958984375 63.134998321533203125 63.1269989013671875 63.1269989013671875 63.120998382568359375 37.562999725341796875 11.881999969482421875 11.918999671936035156 11.859999656677246094 11.699000358581542969 27.952999114990234375 27.905000686645507812 27.919000625610351562 27.909000396728515625 27.899999618530273438 27.8899993896484375 27.881000518798828125 27.871999740600585938 27.8339996337890625 27.787000656127929688 43.948001861572265625 43.90200042724609375 43.854000091552734375 43.78900146484375 43.707000732421875
28.674999237060546875 28.367000579833984375 12.239000320434570312 12.135000228881835938 12.142000198364257812 84.535003662109375 157.139007568359375 157.154998779296875 157.100006103515625 157.05999755859375 157.0290069580078125 157.0030059814453125 156.9210052490234375 156.8800048828125 156.8699951171875 156.8600006103515625 110.0019989013671875 63.146999359130859375 63.144001007080078125 63.131999969482421875 63.1360015869140625 37.62599945068359375 11.876000404357910156 11.925999641418457031 11.878999710083007812 11.692000389099121094 27.982000350952148438 27.975000381469726562 27.912000656127929688 27.924999237060546875 27.91500091552734375 27.906000137329101562 27.895999908447265625 27.885999679565429688 27.84799957275390625 27.801000595092773438 43.963001251220703125 43.9160003662109375 43.8489990234375 43.756000518798828125 43.7050018310546875
28.587999343872070312 28.337999343872070312 12.210000038146972656 12.156000137329101562 12.163000106811523438 12.149999618530273438 157.126007080078125 157.1179962158203125 157.1219940185546875 157.082000732421875 157.04400634765625 157.0160064697265625 156.9160003662109375 156.886993408203125 156.8769989013671875 156.86700439453125 156.863006591796875 63.154998779296875 63.143001556396484375 63.14099884033203125 63.200000762939453125 37.63800048828125 11.939000129699707031 11.953000068664550781 11.897999763488769531 11.706000328063964844 48.7089996337890625 48.77700042724609375 48.755001068115234375 48.6829986572265625 48.69699859619140625 48.688999176025390625 48.6790008544921875 44.154998779296875 44.115001678466796875 44.069000244140625 44.020999908447265625 43.951000213623046875 43.84600067138671875 43.798000335693359375 43.9329986572265625
35.7910003662109375 35.68000030517578125 12.274999618530273438 12.163000106811523438 12.164999961853027344 12.190999984741210938 157.1150054931640625 157.074005126953125 157.0749969482421875 157.08099365234375 157.061004638671875 157.024993896484375 156.91400146484375 156.8950042724609375 156.8849945068359375 156.8769989013671875 156.86199951171875 63.154998779296875 63.15599822998046875 63.194000244140625 63.15399932861328125 37.641998291015625 11.8470001220703125 11.965999603271484375 11.904999732971191406 11.694000244140625 48.6829986572265625 48.62599945068359375 48.798999786376953125 48.76200103759765625 48.67800140380859375 48.701999664306640625 48.69499969482421875 44.16899871826171875 44.129001617431640625 44.082000732421875 44.004001617431640625 43.894001007080078125 43.840999603271484375 43.923999786376953125 43.92800140380859375
35.72299957275390625 35.797000885009765625 12.284999847412109375 12.178999900817871094 12.178000450134277344 12.145000457763671875 157.1510009765625 157.0670013427734375 157.04400634765625 157.0460052490234375 157.0410003662109375 156.990997314453125 156.91400146484375 156.9010009765625 156.88800048828125 156.8719940185546875 156.8679962158203125 63.16899871826171875 63.180999755859375 63.089000701904296875 63.131999969482421875 63.145999908447265625 11.906000137329101562 11.970000267028808594 11.91699981689453125 11.576999664306640625 48.345001220703125 48.40599822998046875 48.55500030517578125 48.7949981689453125 48.76200103759765625 48.673000335693359375 48.703998565673828125 44.185001373291015625 44.141998291015625 44.051998138427734375 43.939998626708984375 43.883998870849609375 43.9329986572265625 43.8860015869140625 43.811000823974609375
