input/clipped_portland_4m_dem.asc
ncols        68
nrows        63
xllcorner    524330.000000000000
yllcorner    5041050.000000000000
cellsize     4.000000000000
NODATA_value  -3.4028234663852885981e+38
[rows 18 to 35 of 63, columns 0 to 40 of 68]
74.5630035400390625 74.40899658203125 28.215999603271484375 28.253999710083007812 28.069000244140625 28.017999649047851562 28.114000320434570312 28.017000198364257812 27.941999435424804688 27.84600067138671875 27.759000778198242188 27.629999160766601562 27.558000564575195312 27.468000411987304688 27.38899993896484375 27.298000335693359375 44.172000885009765625 60.827999114990234375 60.573001861572265625 60.356998443603515625 60.19499969482421875 43.16699981689453125 26.034000396728515625 26.0709991455078125 26.094999313354492188 22.562999725341796875 21.754999160766601562 21.364000320434570312 22.58499908447265625 22.613000869750976562 22.552000045776367188 19.995000839233398438 17.240999221801757812 16.731000900268554688 16.434000015258789062 16.094999313354492188 16.15200042724609375 15.850000381469726562 15.494000434875488281 15.321000099182128906 17.25099945068359375
74.628997802734375 74.44300079345703125 28.29000091552734375 28.253000259399414062 28.069000244140625 27.989000320434570312 28.180999755859375 28.0839996337890625 27.965999603271484375 27.886999130249023438 27.739000320434570312 27.635999679565429688 27.518999099731445312 27.454999923706054688 27.371000289916992188 27.327999114990234375 44.162998199462890625 60.875 60.659999847412109375 60.44499969482421875 60.229999542236328125 43.16699981689453125 26.073999404907226562 26.106000900268554688 26.072000503540039062 23.548000335693359375 21.582000732421875 21.170999526977539062 21.895999908447265625 22.886999130249023438 22.830999374389648438 21.684000015258789062 17.729999542236328125 16.770000457763671875 16.517000198364257812 16.18000030517578125 16.13899993896484375 15.956999778747558594 15.61100006103515625 15.27700042724609375 16.172000885009765625
74.74500274658203125 74.496002197265625 28.38899993896484375 28.229999542236328125 28.099000930786132812 28.062000274658203125 28.228000640869140625 28.093000411987304688 28.009000778198242188 27.920999526977539062 27.79199981689453125 27.70800018310546875 27.559000015258789062 27.479000091552734375 27.399000167846679688 27.325000762939453125 44.200000762939453125 60.936000823974609375 60.727001190185546875 60.516998291015625 60.305999755859375 43.21900177001953125 26.08300018310546875 26.141000747680664062 26.08499908447265625 25.378000259399414062 21.424999237060546875 21 21.19499969482421875 23.167999267578125 23.114999771118164062 23 17.885999679565429688 16.830999374389648438 16.607000350952148438 16.275999069213867188 16.122999191284179688 16.05500030517578125 15.720999717712402344 15.369999885559082031 15.779000282287597656
52.050998687744140625 51.574001312255859375 28.29199981689453125 28.267000198364257812 28.09799957275390625 28.062999725341796875 28.2649993896484375 28.143999099731445312 28.062000274658203125 27.979999542236328125 27.90399932861328125 27.787000656127929688 27.659999847412109375 27.562999725341796875 27.47100067138671875 27.368999481201171875 44.201000213623046875 60.935001373291015625 60.717998504638671875 60.51200103759765625 60.328998565673828125 43.254001617431640625 26.1399993896484375 26.173999786376953125 26.117000579833984375 26.024999618530273438 21.294000625610351562 20.829999923706054688 20.590999603271484375 23.461999893188476562 23.393999099731445312 23.312999725341796875 18.864999771118164062 16.997999191284179688 16.694000244140625 16.371999740600585938 16.100999832153320312 16.145000457763671875 15.838000297546386719 15.510000228881835938 15.548999786376953125
75.1230010986328125 74.69000244140625 28.395000457763671875 28.323999404907226562 28.145000457763671875 28.093999862670898438 28.30699920654296875 28.2089996337890625 28.122999191284179688 28.04000091552734375 27.9720001220703125 27.839000701904296875 27.732999801635742188 27.628000259399414062 27.525999069213867188 27.422000885009765625 44.215000152587890625 60.948001861572265625 60.756999969482421875 60.56800079345703125 60.37799835205078125 43.259998321533203125 26.160999298095703125 26.2089996337890625 26.16500091552734375 26.26399993896484375 21.488000869750976562 20.673999786376953125 20.27700042724609375 23.815000534057617188 23.65399932861328125 23.586999893188476562 21.989000320434570312 17.2779998779296875 16.743000030517578125 16.468999862670898438 16.167999267578125 16.188999176025390625 15.956000328063964844 15.626999855041503906 15.427000045776367188
75.12999725341796875 74.6999969482421875 28.400999069213867188 28.301000595092773438 28.225000381469726562 28.118000030517578125 28.350000381469726562 28.242000579833984375 28.142000198364257812 28.052999496459960938 28.0279998779296875 27.8899993896484375 27.781000137329101562 27.704999923706054688 27.621999740600585938 44.410999298095703125 52.707000732421875 60.983001708984375 60.766998291015625 60.550998687744140625 60.340000152587890625 43.299999237060546875 26.186000823974609375 26.253000259399414062 26.204000473022460938 26.242000579833984375 23.84600067138671875 20.510000228881835938 20.082000732421875 23.400999069213867188 23.923999786376953125 23.843000411987304688 23.774999618530273438 17.58499908447265625 16.784999847412109375 16.55500030517578125 16.257999420166015625 16.170999526977539062 16.0540008544921875 15.762999534606933594 15.444000244140625
75.24700164794921875 74.93399810791015625 28.464000701904296875 28.40399932861328125 28.283000946044921875 28.117000579833984375 28.339000701904296875 28.284999847412109375 28.228000640869140625 28.100999832153320312 28.090999603271484375 27.95999908447265625 27.863000869750976562 44.6660003662109375 61.590999603271484375 61.457000732421875 61.2519989013671875 61.062999725341796875 60.842998504638671875 60.61299896240234375 60.384998321533203125 43.30899810791015625 26.23600006103515625 26.297000885009765625 26.24900054931640625 26.197000503540039062 24.93199920654296875 20.363000869750976562 19.936000823974609375 21.702999114990234375 24.173999786376953125 24.100000381469726562 24.149000167846679688 17.865999221801757812 16.871999740600585938 16.650999069213867188 16.358999252319335938 16.156000137329101562 16.162000656127929688 15.881999969482421875 15.586000442504882812
75.11100006103515625 74.79799652099609375 28.517999649047851562 28.395000457763671875 28.323999404907226562 28.173000335693359375 60.80300140380859375 60.838001251220703125 60.7239990234375 60.660999298095703125 60.7760009765625 60.5540008544921875 60.3860015869140625 52.4889984130859375 61.63700103759765625 61.453998565673828125 61.255001068115234375 61.078998565673828125 60.909000396728515625 60.6920013427734375 60.491001129150390625 51.845001220703125 26.273000717163085938 26.343999862670898438 26.298999786376953125 26.201000213623046875 26.295999526977539062 20.2779998779296875 19.792999267578125 20.822000503540039062 24.440999984741210938 24.364000320434570312 24.336000442504882812 19.150999069213867188 17.190000534057617188 16.70999908447265625 16.457000732421875 16.18000030517578125 16.253000259399414062 16.00099945068359375 15.715999603271484375
75.04199981689453125 74.71900177001953125 28.481000900268554688 28.437000274658203125 28.356000900268554688 28.194000244140625 60.83499908447265625 60.784999847412109375 60.729999542236328125 60.65000152587890625 60.713001251220703125 60.52700042724609375 60.354000091552734375 43.98600006103515625 61.59400177001953125 61.457000732421875 61.258998870849609375 61.08100128173828125 60.911998748779296875 60.742000579833984375 60.564998626708984375 60.3470001220703125 26.336000442504882812 26.395000457763671875 26.350999832153320312 26.240999221801757812 26.288999557495117188 20.79000091552734375 19.662000656127929688 19.496999740600585938 24.728000640869140625 24.599000930786132812 24.534000396728515625 21.379999160766601562 17.412000656127929688 16.728000640869140625 16.544000625610351562 16.271999359130859375 16.252000808715820312 16.104000091552734375 15.836000442504882812
75.03600311279296875 74.7239990234375 28.56800079345703125 28.492000579833984375 28.4029998779296875 28.225000381469726562 60.826999664306640625 60.80500030517578125 60.726001739501953125 60.630001068115234375 60.62799835205078125 60.493999481201171875 60.327999114990234375 43.95999908447265625 61.546001434326171875 61.462001800537109375 61.26300048828125 61.0839996337890625 60.91400146484375 60.743999481201171875 60.575000762939453125 60.4029998779296875 26.372999191284179688 26.419000625610351562 26.381999969482421875 26.273000717163085938 26.149999618530273438 24.16500091552734375 19.55699920654296875 19.132999420166015625 25.030000686645507812 24.825000762939453125 24.759000778198242188 23.961000442504882812 17.687000274658203125 16.768999099731445312 16.6100006103515625 16.36199951171875 16.190000534057617188 16.201000213623046875 15.954000473022460938
75.02700042724609375 74.69499969482421875 28.52899932861328125 28.524999618530273438 28.436000823974609375 28.27899932861328125 60.87200164794921875 60.801998138427734375 60.7050018310546875 60.60900115966796875 60.548000335693359375 60.462001800537109375 60.301998138427734375 43.948001861572265625 61.4980010986328125 61.44499969482421875 61.26599884033203125 61.08599853515625 60.9160003662109375 60.745998382568359375 60.577999114990234375 60.423999786376953125 26.410999298095703125 26.454999923706054688 26.434000015258789062 26.267000198364257812 26.163999557495117188 23.614000320434570312 19.479000091552734375 19.020000457763671875 25.2779998779296875 25.01300048828125 24.947000503540039062 24.996000289916992188 18.410999298095703125 16.993999481201171875 16.677000045776367188 16.451999664306640625 16.218000411987304688 16.280000686645507812 16.066999435424804688
75.04399871826171875 74.72899627685546875 28.559000015258789062 28.531999588012695312 28.454000473022460938 28.242000579833984375 60.875 60.78099822998046875 60.68399810791015625 60.587001800537109375 60.49700164794921875 60.426998138427734375 60.2779998779296875 43.930999755859375 61.452999114990234375 61.410999298095703125 61.271999359130859375 61.089000701904296875 60.91899871826171875 60.74900054931640625 60.562999725341796875 60.436000823974609375 26.41699981689453125 26.49900054931640625 26.658000946044921875 26.339000701904296875 26.146999359130859375 25.996999740600585938 24.913000106811523438 25.608999252319335938 25.559000015258789062 25.177999496459960938 25.106000900268554688 25.125 21.037000656127929688 17.30699920654296875 16.702999114990234375 16.524999618530273438 16.305999755859375 16.311000823974609375 16.159000396728515625
75.082000732421875 74.8079986572265625 28.607999801635742188 28.565000534057617188 28.490999221801757812 28.268999099731445312 60.86299896240234375 60.811000823974609375 60.66400146484375 60.56600189208984375 60.470001220703125 60.393001556396484375 60.254001617431640625 43.910999298095703125 61.408000946044921875 61.37400054931640625 61.269001007080078125 61.090000152587890625 60.921001434326171875 60.729000091552734375 60.5709991455078125 60.49700164794921875 26.524000167846679688 26.531000137329101562 26.711000442504882812 26.58300018310546875 26.183000564575195312 26.062000274658203125 25.975999832153320312 25.947000503540039062 25.788000106811523438 25.319000244140625 25.232999801635742188 25.159000396728515625 24.160999298095703125 17.601999282836914062 16.725000381469726562 16.600999832153320312 16.391000747680664062 16.254999160766601562 16.24900054931640625
75.12999725341796875 74.9199981689453125 28.711999893188476562 28.604000091552734375 28.525999069213867188 28.325000762939453125 60.88800048828125 60.91699981689453125 60.743999481201171875 60.55699920654296875 60.449001312255859375 60.36199951171875 60.230998992919921875 43.88800048828125 61.370998382568359375 61.33599853515625 61.243000030517578125 61.092998504638671875 60.904998779296875 60.712001800537109375 60.6510009765625 60.58300018310546875 26.538999557495117188 26.575000762939453125 26.770999908447265625 26.76300048828125 26.327999114990234375 26.034999847412109375 25.940000534057617188 25.875 25.76399993896484375 25.454000473022460938 25.33300018310546875 25.160999298095703125 25.099000930786132812 17.895000457763671875 16.900999069213867188 16.646999359130859375 16.437999725341796875 16.274999618530273438 16.329000473022460938
29.136999130249023438 29.049999237060546875 28.802000045776367188 28.68000030517578125 28.587999343872070312 28.40399932861328125 52.7760009765625 60.91899871826171875 60.884998321533203125 60.631999969482421875 60.4329986572265625 60.33599853515625 43.95600128173828125 35.70999908447265625 44.4010009765625 44.298000335693359375 35.717998504638671875 27.120000839233398438 26.979999542236328125 26.90399932861328125 26.787000656127929688 26.68199920654296875 26.462999343872070312 26.5709991455078125 26.687000274658203125 26.760999679565429688 26.524999618530273438 26.11199951171875 25.944000244140625 25.8209991455078125 25.704999923706054688 25.576999664306640625 25.409000396728515625 25.239999771118164062 25.29000091552734375 21.811000823974609375 19.187000274658203125 17.86199951171875 16.545000076293945312 16.349000930786132812 16.34600067138671875
29.0410003662109375 28.91500091552734375 28.788000106811523438 28.698999404907226562 28.586999893188476562 28.444000244140625 28.337999343872070312 28.26300048828125 28.117000579833984375 27.948999404907226562 27.811000823974609375 27.715000152587890625 27.586000442504882812 27.520999908447265625 27.372999191284179688 27.246000289916992188 27.128999710083007812 27.011999130249023438 26.895000457763671875 26.767999649047851562 26.662000656127929688 26.575000762939453125 26.545999526977539062 26.580999374389648438 26.799999237060546875 26.646999359130859375 26.386999130249023438 26.20800018310546875 26.016000747680664062 25.868999481201171875 25.74900054931640625 25.614999771118164062 25.45999908447265625 25.302999496459960938 25.190000534057617188 24.312999725341796875 21.478000640869140625 18.547000885009765625 16.58300018310546875 16.423999786376953125 16.34799957275390625
29.003000259399414062 28.886999130249023438 28.76300048828125 28.6959991455078125 28.614000320434570312 28.52899932861328125 28.385000228881835938 28.288000106811523438 28.135000228881835938 28.04000091552734375 27.875 27.802000045776367188 27.704000473022460938 27.593999862670898438 27.479000091552734375 27.364999771118164062 27.23600006103515625 27.120000839233398438 26.989000320434570312 26.8600006103515625 26.711999893188476562 26.617000579833984375 26.573999404907226562 26.537000656127929688 26.518999099731445312 26.356000900268554688 26.225000381469726562 26.117000579833984375 26.007999420166015625 25.867000579833984375 25.739000320434570312 25.617000579833984375 25.475999832153320312 25.319000244140625 25.163999557495117188 24.95800018310546875 22.43199920654296875 19.118000030517578125 16.607999801635742188 16.495000839233398438 16.358999252319335938
29.003999710083007812 28.881000518798828125 28.76300048828125 28.700000762939453125 28.620000839233398438 28.496000289916992188 28.364999771118164062 28.256999969482421875 28.087999343872070312 27.966999053955078125 27.853000640869140625 27.756000518798828125 27.628999710083007812 27.492000579833984375 27.343000411987304688 27.243000030517578125 27.107000350952148438 26.969999313354492188 26.829000473022460938 26.6790008544921875 26.562000274658203125 26.420999526977539062 26.40200042724609375 26.409000396728515625 26.34799957275390625 26.205999374389648438 26.093000411987304688 26.00099945068359375 25.891000747680664062 25.77899932861328125 25.650999069213867188 25.535999298095703125 25.420999526977539062 25.26399993896484375 25.118999481201171875 24.947000503540039062 22.766000747680664062 19.379999160766601562 16.753000259399414062 16.55699920654296875 16.4029998779296875
