input/fundem-1m-small.asc
ncols        168
nrows        100
xllcorner    524330.000000000000
yllcorner    5041202.000000000000
cellsize     1.000000000000
NODATA_value  -3.4028234663852885981e+38
[rows 0 to 17 of 100, columns 0 to 39 of 168]
29.395999908447265625 28.74900054931640625 27.83300018310546875 26.992000579833984375 26.906000137329101562 26.910999298095703125 26.871000289916992188 26.81800079345703125 26.79000091552734375 26.801000595092773438 26.802999496459960938 26.802999496459960938 26.798000335693359375 26.770999908447265625 26.729000091552734375 26.686000823974609375 26.615999221801757812 26.548999786376953125 26.562000274658203125 26.631999969482421875 26.656999588012695312 26.66699981689453125 26.687000274658203125 26.690000534057617188 51.701000213623046875 51.714000701904296875 51.715000152587890625 51.715999603271484375 51.716999053955078125 51.71900177001953125 51.720001220703125 51.72100067138671875 51.7220001220703125 51.72499847412109375 51.727001190185546875 51.729000091552734375 26.729999542236328125 26.715999603271484375 26.6529998779296875 51.630001068115234375
29.635999679565429688 28.940999984741210938 27.982000350952148438 27.099000930786132812 27.009000778198242188 26.94300079345703125 26.895000457763671875 26.840000152587890625 26.812999725341796875 26.829999923706054688 26.832000732421875 26.832000732421875 26.81999969482421875 26.7910003662109375 26.753999710083007812 26.704999923706054688 26.59799957275390625 26.502000808715820312 26.534000396728515625 26.660999298095703125 26.687000274658203125 26.690000534057617188 26.70800018310546875 26.687000274658203125 51.688999176025390625 51.712001800537109375 51.729999542236328125 51.744998931884765625 51.743999481201171875 51.745998382568359375 51.7480010986328125 51.74900054931640625 51.74900054931640625 51.7519989013671875 51.754001617431640625 51.755001068115234375 26.754999160766601562 26.743000030517578125 26.6959991455078125 51.66699981689453125
29.792999267578125 29.12599945068359375 28.183000564575195312 27.245000839233398438 27.0410003662109375 27.011999130249023438 26.920000076293945312 26.8470001220703125 26.809999465942382812 26.853000640869140625 26.856000900268554688 26.851999282836914062 26.84600067138671875 26.811000823974609375 26.783000946044921875 26.729000091552734375 26.579000473022460938 26.50099945068359375 26.56999969482421875 26.690999984741210938 26.711999893188476562 26.714000701904296875 26.705999374389648438 26.658000946044921875 51.661998748779296875 51.687999725341796875 51.714000701904296875 51.7389984130859375 51.758998870849609375 51.770000457763671875 51.770999908447265625 51.771999359130859375 51.772998809814453125 51.772998809814453125 51.7760009765625 51.7779998779296875 26.77899932861328125 26.767999649047851562 26.752000808715820312 51.7389984130859375
29.913999557495117188 29.299999237060546875 28.354999542236328125 27.503999710083007812 27.08499908447265625 27.0410003662109375 26.97299957275390625 26.867000579833984375 26.840000152587890625 26.872999191284179688 26.88800048828125 26.885000228881835938 26.87599945068359375 26.840000152587890625 26.799999237060546875 26.756999969482421875 26.645999908447265625 26.5970001220703125 26.635999679565429688 26.70999908447265625 26.732999801635742188 26.729000091552734375 26.677000045776367188 26.62599945068359375 51.6360015869140625 51.660999298095703125 51.687000274658203125 51.713001251220703125 51.7389984130859375 51.766998291015625 51.78900146484375 51.796001434326171875 51.796001434326171875 51.797000885009765625 51.799999237060546875 51.800998687744140625 26.799999237060546875 26.826999664306640625 26.794000625610351562 51.785999298095703125
30.052999496459960938 29.469999313354492188 28.5709991455078125 27.767000198364257812 27.150999069213867188 27.066999435424804688 27.010000228881835938 26.909000396728515625 26.858999252319335938 26.886999130249023438 26.910999298095703125 26.909000396728515625 26.90200042724609375 26.868000030517578125 26.827999114990234375 26.77700042724609375 26.728000640869140625 26.645999908447265625 26.6660003662109375 26.726999282836914062 26.753999710083007812 26.739000320434570312 26.642000198364257812 26.591999053955078125 51.61100006103515625 51.63700103759765625 51.662998199462890625 51.688999176025390625 51.715000152587890625 51.741001129150390625 51.766998291015625 51.792999267578125 51.812000274658203125 51.819000244140625 51.823001861572265625 51.825000762939453125 26.822000503540039062 26.841999053955078125 26.83300018310546875 51.7910003662109375
30.035999298095703125 29.561000823974609375 28.812000274658203125 28.038999557495117188 27.298000335693359375 27.093999862670898438 27.0279998779296875 26.923000335693359375 26.886999130249023438 26.920000076293945312 26.936000823974609375 26.93199920654296875 26.923000335693359375 26.892999649047851562 26.856000900268554688 26.812000274658203125 26.718999862670898438 26.673999786376953125 26.705999374389648438 26.761999130249023438 26.794000625610351562 26.797000885009765625 26.660999298095703125 26.558000564575195312 51.5839996337890625 51.61199951171875 51.643001556396484375 51.671001434326171875 51.698001861572265625 51.72499847412109375 51.7519989013671875 51.7779998779296875 51.8040008544921875 51.828998565673828125 51.84600067138671875 51.854000091552734375 26.858999252319335938 26.881000518798828125 26.882999420166015625 51.80699920654296875
30.051000595092773438 29.621999740600585938 28.90399932861328125 28.086000442504882812 27.371000289916992188 27.11100006103515625 27.051000595092773438 26.983999252319335938 26.923000335693359375 26.954000473022460938 26.964000701904296875 26.9589996337890625 26.95999908447265625 26.934000015258789062 26.88800048828125 26.836000442504882812 26.739000320434570312 26.70999908447265625 26.732000350952148438 26.788000106811523438 26.819000244140625 26.809999465942382812 26.702999114990234375 51.634998321533203125 51.65599822998046875 51.680999755859375 51.7050018310546875 51.728000640869140625 51.75099945068359375 51.773998260498046875 51.796001434326171875 51.81999969482421875 51.84400177001953125 51.867000579833984375 51.896999359130859375 51.896999359130859375 26.884000778198242188 26.91699981689453125 26.93199920654296875 51.856998443603515625
30.05500030517578125 29.5839996337890625 28.773000717163085938 27.7649993896484375 27.200000762939453125 27.062999725341796875 27.099000930786132812 27.072999954223632812 26.966999053955078125 26.990999221801757812 26.993999481201171875 26.990999221801757812 26.990999221801757812 26.968999862670898438 26.93000030517578125 26.871999740600585938 26.766000747680664062 26.7350006103515625 26.747999191284179688 26.809999465942382812 26.851999282836914062 26.843000411987304688 51.76599884033203125 51.715000152587890625 51.7389984130859375 51.769001007080078125 51.79399871826171875 51.81999969482421875 51.841999053955078125 51.865001678466796875 51.88899993896484375 51.911998748779296875 51.935001373291015625 51.970001220703125 52.0410003662109375 51.951999664306640625 26.881000518798828125 26.9459991455078125 26.983999252319335938 51.9160003662109375
30.06999969482421875 29.5540008544921875 28.677999496459960938 27.537000656127929688 27.118999481201171875 27.100999832153320312 27.141000747680664062 27.104000091552734375 26.990999221801757812 27.017999649047851562 27.023000717163085938 27.017999649047851562 27.010000228881835938 26.98699951171875 26.952999114990234375 26.909999847412109375 26.80500030517578125 26.753999710083007812 26.767999649047851562 26.844999313354492188 26.881999969482421875 26.872999191284179688 51.81999969482421875 51.741001129150390625 51.76200103759765625 51.83300018310546875 51.880001068115234375 51.909999847412109375 51.9329986572265625 51.95600128173828125 51.979999542236328125 52.00299835205078125 52.0410003662109375 52.13800048828125 52.180999755859375 51.977001190185546875 26.86199951171875 26.944000244140625 27.02899932861328125 26.990999221801757812
30.09600067138671875 29.520999908447265625 28.561000823974609375 27.492000579833984375 27.15399932861328125 27.173999786376953125 27.173000335693359375 27.122999191284179688 26.99900054931640625 27.020000457763671875 27.045000076293945312 27.045999526977539062 27.024000167846679688 26.993999481201171875 26.968000411987304688 26.9290008544921875 26.879999160766601562 26.798000335693359375 26.797000885009765625 26.881000518798828125 26.90399932861328125 26.909999847412109375 51.88700103759765625 51.805999755859375 51.76399993896484375 51.83100128173828125 51.923000335693359375 51.995998382568359375 52.0260009765625 52.048999786376953125 52.0709991455078125 52.108001708984375 52.217998504638671875 52.34400177001953125 52.258998870849609375 52.073001861572265625 27.017999649047851562 27.021999359130859375 27.09600067138671875 27.065999984741210938
30.065999984741210938 29.41699981689453125 28.45800018310546875 27.511999130249023438 27.1959991455078125 27.201999664306640625 27.19300079345703125 27.12599945068359375 27.010999679565429688 27.031000137329101562 27.079000473022460938 27.08499908447265625 27.059999465942382812 27.034999847412109375 27 26.957000732421875 26.923000335693359375 26.8470001220703125 26.832000732421875 26.9029998779296875 26.94499969482421875 26.947999954223632812 51.939998626708984375 51.881999969482421875 51.798000335693359375 51.8079986572265625 51.907001495361328125 52.01599884033203125 52.095001220703125 52.13899993896484375 52.172000885009765625 52.296001434326171875 52.45999908447265625 52.520000457763671875 52.45600128173828125 52.50299835205078125 27.545999526977539062 27.444000244140625 27.218999862670898438 27.143999099731445312
30.047000885009765625 29.461999893188476562 28.524999618530273438 27.558000564575195312 27.202999114990234375 27.22100067138671875 27.22299957275390625 27.163999557495117188 27.007999420166015625 27.051000595092773438 27.107000350952148438 27.100999832153320312 27.086000442504882812 27.062000274658203125 27.02899932861328125 26.988000869750976562 26.94499969482421875 26.870000839233398438 26.87599945068359375 26.941999435424804688 26.9720001220703125 26.975999832153320312 51.979000091552734375 51.948001861572265625 51.868000030517578125 51.810001373291015625 51.8730010986328125 51.983001708984375 52.091999053955078125 52.17800140380859375 52.31800079345703125 52.48699951171875 52.6269989013671875 52.65399932861328125 52.62400054931640625 52.625 27.632999420166015625 27.52700042724609375 27.323999404907226562 27.24900054931640625
30.207000732421875 29.687999725341796875 28.63899993896484375 27.643999099731445312 27.245000839233398438 27.25099945068359375 27.245000839233398438 27.19300079345703125 27.090999603271484375 27.122999191284179688 27.134000778198242188 27.127000808715820312 27.117000579833984375 27.0970001220703125 27.059999465942382812 27.01300048828125 26.9459991455078125 26.91500091552734375 26.923999786376953125 26.976999282836914062 27.003999710083007812 27.004999160766601562 52.0110015869140625 52.019001007080078125 51.979999542236328125 51.866001129150390625 51.80500030517578125 51.87799835205078125 51.98600006103515625 52.090000152587890625 52.214000701904296875 52.342998504638671875 52.546001434326171875 52.588001251220703125 52.582000732421875 52.5989990234375 27.607000350952148438 27.534999847412109375 27.405000686645507812 27.339000701904296875
30.201999664306640625 29.629999160766601562 28.701999664306640625 27.801000595092773438 27.350999832153320312 27.238000869750976562 27.253999710083007812 27.197000503540039062 27.103000640869140625 27.131999969482421875 27.159999847412109375 27.145999908447265625 27.145000457763671875 27.122999191284179688 27.086999893188476562 27.034999847412109375 26.940000534057617188 26.9160003662109375 26.9589996337890625 27.007999420166015625 27.02700042724609375 27.031000137329101562 52.03900146484375 52.050998687744140625 52.03900146484375 26.9720001220703125 26.944000244140625 27.04199981689453125 27.121000289916992188 52.18000030517578125 52.240001678466796875 52.29399871826171875 52.38800048828125 52.408000946044921875 52.452999114990234375 52.504001617431640625 27.56999969482421875 27.559999465942382812 27.454999923706054688 27.364999771118164062
30.253000259399414062 29.72299957275390625 28.88800048828125 28.174999237060546875 27.572000503540039062 27.322000503540039062 27.292999267578125 27.219999313354492188 27.143999099731445312 27.149000167846679688 27.177000045776367188 27.169000625610351562 27.169000625610351562 27.1399993896484375 27.106000900268554688 27.058000564575195312 26.954000473022460938 26.920000076293945312 26.981000900268554688 27.033000946044921875 27.052999496459960938 27.048000335693359375 27.055999755859375 27.09600067138671875 27.086999893188476562 27.06999969482421875 27.0839996337890625 27.136999130249023438 27.184999465942382812 27.232000350952148438 27.285999298095703125 27.284000396728515625 27.336000442504882812 27.322000503540039062 27.315999984741210938 27.363000869750976562 27.518999099731445312 37.325000762939453125 37.2649993896484375 37.23400115966796875
30.2779998779296875 29.871000289916992188 29.162000656127929688 28.531000137329101562 27.871999740600585938 27.4459991455078125 27.326000213623046875 27.267999649047851562 27.190000534057617188 27.177000045776367188 27.204000473022460938 27.201000213623046875 27.187999725341796875 27.162000656127929688 27.134000778198242188 27.093000411987304688 27.006000518798828125 26.94499969482421875 26.983999252319335938 27.055999755859375 27.076999664306640625 27.076000213623046875 27.06999969482421875 27.162000656127929688 27.177000045776367188 27.132999420166015625 27.135999679565429688 27.184000015258789062 27.232000350952148438 27.283000946044921875 27.312999725341796875 27.273000717163085938 27.285999298095703125 27.267999649047851562 27.256999969482421875 27.284000396728515625 27.469999313354492188 37.332000732421875 37.31800079345703125 37.3209991455078125
30.29199981689453125 29.933000564575195312 29.079000473022460938 28.575000762939453125 28.06800079345703125 27.565000534057617188 27.365999221801757812 27.316999435424804688 27.22100067138671875 27.180999755859375 27.229999542236328125 27.225999832153320312 27.214000701904296875 27.19499969482421875 27.16500091552734375 27.117000579833984375 27.038000106811523438 26.969999313354492188 26.98699951171875 27.072000503540039062 27.104999542236328125 27.103000640869140625 27.113000869750976562 27.186000823974609375 27.207000732421875 38.7350006103515625 38.731998443603515625 38.7779998779296875 38.826999664306640625 38.875 38.853000640869140625 27.25 27.232999801635742188 27.218000411987304688 27.239999771118164062 27.34600067138671875 27.51399993896484375 37.33499908447265625 37.328998565673828125 37.358001708984375
30.2649993896484375 29.968999862670898438 29.103000640869140625 28.201000213623046875 27.770999908447265625 27.503999710083007812 27.396999359130859375 27.343000411987304688 27.257999420166015625 27.211999893188476562 27.256000518798828125 27.257999420166015625 27.242000579833984375 27.22100067138671875 27.19300079345703125 27.143999099731445312 27.080999374389648438 27.025999069213867188 27.034999847412109375 27.077999114990234375 27.118999481201171875 38.68199920654296875 38.68199920654296875 38.745998382568359375 38.770000457763671875 38.770999908447265625 38.77500152587890625 38.81999969482421875 38.87200164794921875 38.91500091552734375 38.84799957275390625 27.1790008544921875 27.18000030517578125 27.18199920654296875 27.325000762939453125 27.506999969482421875 27.590999603271484375 27.622999191284179688 37.3730010986328125 37.407001495361328125
