input/fundem-2m-small.asc
ncols        84
nrows        50
xllcorner    524330.000000000000
yllcorner    5041202.000000000000
cellsize     2.000000000000
NODATA_value  -3.4028234663852885981e+38
[rows 0 to 17 of 50, columns 41 to 81 of 84]
24.954000473022460938 24.802000045776367188 24.618000030517578125 24.559999465942382812 24.504999160766601562 24.45999908447265625 24.288999557495117188 24.177000045776367188 24.093999862670898438 23.996000289916992188 20.881999969482421875 18.1399993896484375 17.909999847412109375 17.733999252319335938 17.552000045776367188 17.410999298095703125 17.4290008544921875 17.216999053955078125 16.691999435424804688 16.322999954223632812 16.284999847412109375 16.18000030517578125 16.05699920654296875 15.927000045776367188 15.80500030517578125 15.855999946594238281 15.854999542236328125 15.718999862670898438 15.572999954223632812 15.390000343322753906 15.25 15.104000091552734375 15.258999824523925781 16.218000411987304688 16.684000015258789062 16.58300018310546875 16.45800018310546875 16.420000076293945312 17.065999984741210938 22.148000717163085938 22.885999679565429688
24.947000503540039062 24.802999496459960938 24.62599945068359375 24.572999954223632812 24.51399993896484375 24.479000091552734375 24.297000885009765625 24.173000335693359375 24.091999053955078125 24.024999618530273438 21.295999526977539062 18.27700042724609375 18.047000885009765625 17.864999771118164062 17.68000030517578125 17.530000686645507812 17.542999267578125 17.309999465942382812 16.753000259399414062 16.367000579833984375 16.309999465942382812 16.202999114990234375 16.079000473022460938 15.942000389099121094 15.817999839782714844 15.840999603271484375 15.885000228881835938 15.744999885559082031 15.59799957275390625 15.43000030517578125 15.279999732971191406 15.105999946594238281 15.203000068664550781 15.946000099182128906 16.704000473022460938 16.669000625610351562 16.5279998779296875 16.474000930786132812 16.961999893188476562 21.313999176025390625 22.867000579833984375
25.004999160766601562 24.867000579833984375 24.676000595092773438 24.613000869750976562 24.561000823974609375 24.493999481201171875 24.301000595092773438 24.167999267578125 24.082000732421875 24.024999618530273438 21.752000808715820312 18.406999588012695312 18.177000045776367188 18.007999420166015625 17.81800079345703125 17.65200042724609375 17.56999969482421875 17.357999801635742188 16.774999618530273438 16.395999908447265625 16.336000442504882812 16.232000350952148438 16.104999542236328125 15.965000152587890625 15.83300018310546875 15.838000297546386719 15.899000167846679688 15.765000343322753906 15.616000175476074219 15.451999664306640625 15.284999847412109375 15.105999946594238281 15.173000335693359375 15.767000198364257812 16.739999771118164062 16.743999481201171875 16.614999771118164062 16.52700042724609375 16.752000808715820312 21.121000289916992188 23.055999755859375
25.075000762939453125 24.898000717163085938 24.714000701904296875 24.6529998779296875 24.5970001220703125 24.548999786376953125 24.326999664306640625 24.156999588012695312 24.080999374389648438 24.01300048828125 22.091999053955078125 18.613000869750976562 18.31800079345703125 18.141000747680664062 17.961000442504882812 17.784999847412109375 17.625 17.422000885009765625 16.830999374389648438 16.426000595092773438 16.350999832153320312 16.26399993896484375 16.132999420166015625 15.984000205993652344 15.84799957275390625 15.828000068664550781 15.913000106811523438 15.788000106811523438 15.63899993896484375 15.475999832153320312 15.310999870300292969 15.109999656677246094 15.144000053405761719 15.656000137329101562 16.826999664306640625 16.840000152587890625 16.704999923706054688 16.590000152587890625 16.68199920654296875 20.351999282836914062 23.08499908447265625
25.103000640869140625 24.94499969482421875 24.72100067138671875 24.68000030517578125 24.632999420166015625 24.56999969482421875 24.33300018310546875 24.145999908447265625 24.0709991455078125 24.006000518798828125 22.8600006103515625 18.829999923706054688 18.479999542236328125 18.281999588012695312 18.108999252319335938 17.767999649047851562 17.1959991455078125 17.378000259399414062 16.981000900268554688 16.482999801635742188 16.381000518798828125 16.294000625610351562 16.155000686645507812 16.007999420166015625 15.868000030517578125 15.822999954223632812 15.914999961853027344 15.80500030517578125 15.656000137329101562 15.489000320434570312 15.314000129699707031 15.123000144958496094 15.130000114440917969 15.633000373840332031 16.884000778198242188 16.9290008544921875 16.801000595092773438 16.65399932861328125 16.697999954223632812 19.629999160766601562 23.09799957275390625
25.121999740600585938 24.993000030517578125 24.809999465942382812 24.718000411987304688 24.660999298095703125 24.621999740600585938 24.353000640869140625 24.131999969482421875 24.052000045776367188 23.993000030517578125 23.075000762939453125 19.076000213623046875 18.63899993896484375 18.43000030517578125 18.261999130249023438 17.857000350952148438 17.561000823974609375 17.455999374389648438 17.12400054931640625 16.5540008544921875 16.409999847412109375 16.327999114990234375 16.177999496459960938 16.04199981689453125 15.894000053405761719 15.843999862670898438 15.937999725341796875 15.824999809265136719 15.677000045776367188 15.506999969482421875 15.3339996337890625 15.135000228881835938 15.0970001220703125 15.593000411987304688 16.968000411987304688 17.034000396728515625 16.893999099731445312 16.742000579833984375 16.73600006103515625 19.412000656127929688 23.007999420166015625
25.156000137329101562 25.031999588012695312 24.850000381469726562 24.76399993896484375 24.700000762939453125 24.63899993896484375 24.340000152587890625 24.113000869750976562 24.038999557495117188 23.97299957275390625 23.308000564575195312 19.6100006103515625 18.784000396728515625 18.56800079345703125 18.405000686645507812 18.225999832153320312 17.982999801635742188 17.593999862670898438 17.160999298095703125 16.615999221801757812 16.437999725341796875 16.365999221801757812 16.20999908447265625 16.063999176025390625 15.913000106811523438 15.850000381469726562 15.939999580383300781 15.850999832153320312 15.697999954223632812 15.529999732971191406 15.354999542236328125 15.149999618530273438 15.088999748229980469 15.463000297546386719 16.760000228881835938 17.141000747680664062 16.989000320434570312 16.836000442504882812 16.774000167846679688 17.577999114990234375 20.871000289916992188
25.194000244140625 25.066999435424804688 24.908000946044921875 24.80699920654296875 24.73600006103515625 24.649000167846679688 24.337999343872070312 24.093999862670898438 24.020999908447265625 23.950000762939453125 23.420999526977539062 19.863000869750976562 18.936000823974609375 18.712999343872070312 18.549999237060546875 18.379999160766601562 18.163000106811523438 17.676000595092773438 17.205999374389648438 16.673000335693359375 16.45999908447265625 16.3899993896484375 16.243999481201171875 16.087999343872070312 15.939999580383300781 15.850999832153320312 15.960000038146972656 15.866000175476074219 15.720999717712402344 15.550999641418457031 15.373000144958496094 15.168999671936035156 15.0839996337890625 15.295000076293945312 16.615999221801757812 17.246000289916992188 17.086999893188476562 16.927999496459960938 16.854000091552734375 17.086999893188476562 19.629999160766601562
25.225000381469726562 25.128000259399414062 24.981000900268554688 24.854000091552734375 24.805999755859375 24.684000015258789062 24.330999374389648438 24.079999923706054688 23.99900054931640625 23.920999526977539062 23.615999221801757812 20.3040008544921875 19.09600067138671875 18.849000930786132812 18.697999954223632812 18.545000076293945312 18.315000534057617188 17.670000076293945312 17.326999664306640625 16.728000640869140625 16.488000869750976562 16.412000656127929688 16.274000167846679688 16.121000289916992188 15.961999893188476562 15.84799957275390625 15.967000007629394531 15.90200042724609375 15.743000030517578125 15.569000244140625 15.390999794006347656 15.192999839782714844 15.076999664306640625 15.154000282287597656 16.599000930786132812 17.3600006103515625 17.200000762939453125 17.037000656127929688 16.93199920654296875 17.143999099731445312 19.88899993896484375
25.252000808715820312 25.170000076293945312 25.002000808715820312 24.906000137329101562 24.857000350952148438 24.733999252319335938 24.31800079345703125 24.059999465942382812 23.969999313354492188 23.88899993896484375 23.829000473022460938 20.739000320434570312 19.226999282836914062 19.011999130249023438 18.857000350952148438 18.70800018310546875 18.478000640869140625 17.770000457763671875 17.274999618530273438 16.770999908447265625 16.51399993896484375 16.44499969482421875 16.3040008544921875 16.149000167846679688 15.994999885559082031 15.854000091552734375 15.937999725341796875 15.925999641418457031 15.758999824523925781 15.5970001220703125 15.409999847412109375 15.215999603271484375 15.071000099182128906 15.203000068664550781 16.368999481201171875 17.393999099731445312 17.312999725341796875 17.155000686645507812 17.010000228881835938 17.100000381469726562 19.08499908447265625
25.27899932861328125 25.191999435424804688 25.04000091552734375 24.968999862670898438 24.922000885009765625 24.780000686645507812 24.274000167846679688 24.045000076293945312 23.951999664306640625 23.867000579833984375 23.7910003662109375 21.065000534057617188 19.385000228881835938 19.156999588012695312 19.010000228881835938 18.857000350952148438 18.667999267578125 17.926000595092773438 17.27700042724609375 16.832000732421875 16.544000625610351562 16.468999862670898438 16.329000473022460938 16.174999237060546875 16.006999969482421875 15.864999771118164062 15.906999588012695312 15.940999984741210938 15.786000251770019531 15.619000434875488281 15.437000274658203125 15.239000320434570312 15.06999969482421875 15.149999618530273438 15.795000076293945312 17.368999481201171875 17.437999725341796875 17.271999359130859375 17.104000091552734375 17.107999801635742188 18.350999832153320312
25.322000503540039062 25.245000839233398438 25.093999862670898438 25.034999847412109375 24.988000869750976562 24.870000839233398438 24.301000595092773438 24.024000167846679688 23.909999847412109375 23.836999893188476562 23.747999191284179688 21.743000030517578125 19.590999603271484375 19.322000503540039062 19.162000656127929688 19.010000228881835938 18.857999801635742188 18.132999420166015625 17.408000946044921875 16.951999664306640625 16.573999404907226562 16.497999191284179688 16.357000350952148438 16.211999893188476562 16.034000396728515625 15.871999740600585938 15.90200042724609375 15.960000038146972656 15.805999755859375 15.630999565124511719 15.447999954223632812 15.262999534606933594 15.074000358581542969 15.175999641418457031 15.835000038146972656 17.482000350952148438 17.548999786376953125 17.385999679565429688 17.218000411987304688 17.177999496459960938 18.575000762939453125
25.375 25.301000595092773438 25.148000717163085938 25.094999313354492188 25.052999496459960938 24.948999404907226562 24.316999435424804688 24.01300048828125 23.881999969482421875 23.799999237060546875 23.716999053955078125 22.350999832153320312 19.829999923706054688 19.483999252319335938 19.319000244140625 19.173000335693359375 19.016000747680664062 18.26300048828125 17.466999053955078125 16.996000289916992188 16.604000091552734375 16.509000778198242188 16.38899993896484375 16.231000900268554688 16.063999176025390625 15.899999618530273438 15.895000457763671875 15.980999946594238281 15.831999778747558594 15.659000396728515625 15.4720001220703125 15.293999671936035156 15.0839996337890625 15.173999786376953125 15.843000411987304688 17.524000167846679688 17.674999237060546875 17.518999099731445312 17.343999862670898438 17.25099945068359375 18.190999984741210938
25.430999755859375 25.356000900268554688 25.204999923706054688 25.163000106811523438 25.128000259399414062 25.018999099731445312 24.3040008544921875 23.992000579833984375 23.850000381469726562 23.770999908447265625 23.6660003662109375 22.79000091552734375 20.017000198364257812 19.642999649047851562 19.468000411987304688 19.340000152587890625 19.1790008544921875 18.523000717163085938 17.533000946044921875 17.118999481201171875 16.655000686645507812 16.537000656127929688 16.423999786376953125 16.261999130249023438 16.09600067138671875 15.920999526977539062 15.885999679565429688 15.994999885559082031 15.859999656677246094 15.68000030517578125 15.498000144958496094 15.324000358581542969 15.119000434875488281 15.149000167846679688 15.6529998779296875 17.099000930786132812 17.79000091552734375 17.634000778198242188 17.466999053955078125 17.364999771118164062 17.455999374389648438
25.474000930786132812 25.399999618530273438 25.257999420166015625 25.232000350952148438 25.211999893188476562 25.145000457763671875 24.413999557495117188 23.97299957275390625 23.819000244140625 23.725999832153320312 23.622999191284179688 22.687000274658203125 20.15200042724609375 19.7910003662109375 19.627000808715820312 19.488000869750976562 19.336000442504882812 18.712999343872070312 17.641000747680664062 17.176000595092773438 16.715999603271484375 16.552999496459960938 16.454999923706054688 16.288999557495117188 16.117000579833984375 15.946999549865722656 15.876000404357910156 15.996000289916992188 15.892999649047851562 15.713000297546386719 15.515000343322753906 15.345000267028808594 15.13899993896484375 15.116000175476074219 15.505999565124511719 16.844999313354492188 17.920000076293945312 17.766000747680664062 17.589000701904296875 17.461000442504882812 17.534000396728515625
25.517999649047851562 25.488000869750976562 25.315999984741210938 25.3040008544921875 25.297000885009765625 25.295999526977539062 24.913999557495117188 23.950000762939453125 23.775999069213867188 23.674999237060546875 23.572999954223632812 22.854999542236328125 20.34799957275390625 19.95999908447265625 19.771999359130859375 19.636999130249023438 19.493999481201171875 19.042999267578125 17.70800018310546875 17.275999069213867188 16.783000946044921875 16.572999954223632812 16.483999252319335938 16.316999435424804688 16.155000686645507812 15.977999687194824219 15.878000259399414062 15.987000465393066406 15.921999931335449219 15.744999885559082031 15.557000160217285156 15.383999824523925781 15.173000335693359375 15.085000038146972656 15.451000213623046875 16.555999755859375 17.892000198364257812 17.893999099731445312 17.731000900268554688 17.580999374389648438 17.621000289916992188
25.586999893188476562 25.562000274658203125 25.409999847412109375 25.381999969482421875 25.364999771118164062 25.392999649047851562 25.149000167846679688 23.909999847412109375 23.729000091552734375 23.628999710083007812 23.523000717163085938 23.254999160766601562 20.825000762939453125 20.13800048828125 19.941999435424804688 19.805999755859375 19.672000885009765625 19.322000503540039062 17.863000869750976562 17.354000091552734375 16.877000808715820312 16.599000930786132812 16.510999679565429688 16.3600006103515625 16.190000534057617188 16.011999130249023438 15.875 15.980999946594238281 15.953000068664550781 15.774000167846679688 15.581000328063964844 15.404000282287597656 15.211999893188476562 15.090999603271484375 15.430999755859375 16.284000396728515625 17.927000045776367188 18.037000656127929688 17.86199951171875 17.697000503540039062 17.690999984741210938
25.66699981689453125 25.627000808715820312 25.479999542236328125 25.447999954223632812 25.447000503540039062 25.478000640869140625 25.427999496459960938 24.02700042724609375 23.68199920654296875 23.572999954223632812 23.465999603271484375 23.3040008544921875 21.2910003662109375 20.2779998779296875 20.093999862670898438 19.965000152587890625 19.826000213623046875 19.614000320434570312 18.283000946044921875 17.437999725341796875 16.989000320434570312 16.625 16.558000564575195312 16.399000167846679688 16.238000869750976562 16.045999526977539062 15.890999794006347656 15.968999862670898438 15.982000350952148438 15.809000015258789062 15.623000144958496094 15.444000244140625 15.215999603271484375 15.088999748229980469 15.2910003662109375 15.810999870300292969 17.510000228881835938 18.170000076293945312 18.009000778198242188 17.826000213623046875 17.759000778198242188
