input/fundem-7m-small.asc
ncols        24
nrows        14
xllcorner    524328.000000000000
yllcorner    5041204.000000000000
cellsize     7.000000000000
NODATA_value  -3.4028234663852885981e+38
 29.299999237060546875 26.840000152587890625 26.756999969482421875 26.677000045776367188 51.766998291015625 26.799999237060546875 51.76399993896484375 51.8300018310546875 65.3470001220703125 64.74700164794921875 64.404998779296875 64.3899993896484375 24.773000717163085938 24.507999420166015625 24.072000503540039062 18.13899993896484375 17.5410003662109375 16.4160003662109375 16.048999786376953125 15.923000335693359375 15.407999992370605469 15.562999725341796875 16.49900054931640625 22.937000274658203125
 29.41699981689453125 27.010999679565429688 26.957000732421875 51.939998626708984375 52.13899993896484375 27.545999526977539062 27.100000381469726562 27.298000335693359375 65.44100189208984375 64.86699676513671875 64.529998779296875 25.325000762939453125 24.947000503540039062 24.62599945068359375 24.038999557495117188 18.674999237060546875 17.378999710083007812 16.618000030517578125 16.142999649047851562 15.949000358581542969 15.456000328063964844 15.232000350952148438 16.830999374389648438 23.134000778198242188
 29.968999862670898438 27.257999420166015625 27.143999099731445312 38.68199920654296875 38.91500091552734375 27.590999603271484375 37.493999481201171875 27.808000564575195312 66.2440032958984375 65.85900115966796875 64.70400238037109375 25.392000198364257812 25.128000259399414062 24.7779998779296875 23.9720001220703125 19.18000030517578125 18.548000335693359375 16.86100006103515625 16.243000030517578125 15.935999870300292969 15.529000282287597656 15.137000083923339844 17.186000823974609375 18.785999298095703125
 30.136999130249023438 27.517000198364257812 27.36199951171875 27.400999069213867188 54.550998687744140625 27.781999588012695312 27.6959991455078125 42.771999359130859375 27.760999679565429688 49.991001129150390625 49.82199859619140625 48.825000762939453125 25.25 25.02899932861328125 23.857000350952148438 19.892999649047851562 19.09600067138671875 17.093999862670898438 16.336999893188476562 15.857000350952148438 15.609999656677246094 15.09799957275390625 17.614999771118164062 17.344999313354492188
 30.0279998779296875 27.582000732421875 27.525999069213867188 27.552000045776367188 54.50099945068359375 54.562000274658203125 27.7089996337890625 27.663000106811523438 27.743000030517578125 50.522998809814453125 50.40599822998046875 49.3769989013671875 25.49900054931640625 25.299999237060546875 23.731000900268554688 20.711000442504882812 19.6399993896484375 17.385000228881835938 16.454000473022460938 15.869000434875488281 15.706000328063964844 15.050999641418457031 18.033000946044921875 17.618000030517578125
 29.941999435424804688 27.881999969482421875 27.731000900268554688 27.731000900268554688 54.576999664306640625 54.589000701904296875 54.478000640869140625 27.542999267578125 27.448999404907226562 50.2760009765625 50.3730010986328125 50.0540008544921875 25.701000213623046875 25.573999404907226562 23.5540008544921875 22.273000717163085938 20.180999755859375 17.599000930786132812 16.577999114990234375 15.982999801635742188 15.821000099182128906 15.170999526977539062 17.988000869750976562 17.940000534057617188
 29.298999786376953125 28.0410003662109375 27.906000137329101562 27.881999969482421875 27.74900054931640625 54.520999908447265625 54.3899993896484375 27.368000030517578125 27.240999221801757812 49.79199981689453125 49.76399993896484375 49.146999359130859375 25.877000808715820312 25.773000717163085938 23.385000228881835938 22.871000289916992188 20.701999664306640625 18.620000839233398438 16.643999099731445312 16.120000839233398438 15.951000213623046875 15.312000274658203125 16.30500030517578125 18.524000167846679688
 28.517999649047851562 28.16699981689453125 28.04199981689453125 28.017000198364257812 27.843000411987304688 27.538999557495117188 27.344999313354492188 27.131000518798828125 26.88899993896484375 26.697000503540039062 26.481000900268554688 26.259000778198242188 25.830999374389648438 25.891000747680664062 23.207000732421875 22.636999130249023438 21.190000534057617188 20.760000228881835938 16.73600006103515625 16.247999191284179688 16.101999282836914062 15.456000328063964844 15.725000381469726562 19.128999710083007812
 28.405000686645507812 28.2350006103515625 28.150999069213867188 27.995000839233398438 27.802999496459960938 27.573999404907226562 27.367000579833984375 27.127000808715820312 26.940000534057617188 26.711000442504882812 26.5 26.26399993896484375 26.04199981689453125 25.954000473022460938 23.055999755859375 22.341999053955078125 21.725999832153320312 21.510999679565429688 17.006000518798828125 16.4029998779296875 16.0709991455078125 15.619000434875488281 15.38899993896484375 19.726999282836914062
 28.4029998779296875 28.218999862670898438 28.052999496459960938 27.927999496459960938 27.732000350952148438 27.629999160766601562 27.37599945068359375 27.155000686645507812 26.9720001220703125 26.760999679565429688 26.54000091552734375 26.340999603271484375 26.059000015258789062 26.021999359130859375 24.77899932861328125 22.02899932861328125 22.309999465942382812 22.04000091552734375 17.454999923706054688 16.549999237060546875 15.994999885559082031 15.79199981689453125 15.189000129699707031 18.988000869750976562
 74.5780029296875 28.34600067138671875 28.215000152587890625 28.037000656127929688 27.996000289916992188 27.868999481201171875 27.718999862670898438 27.5410003662109375 27.40200042724609375 27.298999786376953125 60.720001220703125 60.319000244140625 60.117000579833984375 26.065999984741210938 26.066999435424804688 21.714000701904296875 22.406999588012695312 22.5540008544921875 17.94300079345703125 16.711000442504882812 16.118999481201171875 15.963999748229980469 15.3339996337890625 17.311000823974609375
 74.6920013427734375 28.436000823974609375 28.2089996337890625 28.045999526977539062 28.065999984741210938 27.934000015258789062 27.7779998779296875 27.503999710083007812 27.384000778198242188 27.288999557495117188 60.8339996337890625 60.45999908447265625 60.16500091552734375 26.129999160766601562 26.149999618530273438 21.43000030517578125 20.832000732421875 23.033000946044921875 21.62400054931640625 16.774999618530273438 16.284999847412109375 16.132999420166015625 15.557000160217285156 15.987999916076660156
 75.1139984130859375 28.444000244140625 28.219999313354492188 28.114000320434570312 28.197999954223632812 28.01399993896484375 27.892000198364257812 27.6790008544921875 27.50099945068359375 27.322000503540039062 60.841999053955078125 60.523998260498046875 60.203998565673828125 26.197999954223632812 26.114999771118164062 21.156000137329101562 20.427000045776367188 23.503999710083007812 23.468000411987304688 16.961000442504882812 16.451999664306640625 16.187000274658203125 15.762000083923339844 15.564999580383300781
 75.15399932861328125 28.525999069213867188 28.344999313354492188 28.135000228881835938 28.245000839233398438 28.12400054931640625 27.957000732421875 27.774000167846679688 27.65200042724609375 61.214000701904296875 60.91500091552734375 60.533000946044921875 60.23799896240234375 26.26300048828125 26.183000564575195312 22.444000244140625 20.11100006103515625 23.975000381469726562 23.853000640869140625 17.478000640869140625 16.61100006103515625 16.11100006103515625 15.9720001220703125 15.4160003662109375
