input/fundem-2m-small.asc
ncols        84
nrows        50
xllcorner    524330.000000000000
yllcorner    5041202.000000000000
cellsize     2.000000000000
NODATA_value  -3.4028234663852885981e+38
[rows 18 to 35 of 50, columns 0 to 40 of 84]
30.010000228881835938 29.372999191284179688 28.118000030517578125 27.927000045776367188 27.799999237060546875 27.774999618530273438 27.76399993896484375 27.719999313354492188 27.618000030517578125 27.5839996337890625 27.607999801635742188 27.698999404907226562 41.147998809814453125 54.53099822998046875 54.550998687744140625 54.562000274658203125 54.56999969482421875 54.58100128173828125 54.58599853515625 54.58300018310546875 54.5670013427734375 41.16899871826171875 27.738000869750976562 27.69300079345703125 27.614000320434570312 27.55500030517578125 27.545999526977539062 27.534000396728515625 27.517999649047851562 27.502000808715820312 50.2239990234375 50.24900054931640625 50.340999603271484375 50.4029998779296875 50.435001373291015625 50.46900177001953125 50.519001007080078125 50.5279998779296875 50.5019989013671875 49.980998992919921875 26.034000396728515625
29.895000457763671875 29.399999618530273438 28.336999893188476562 27.978000640869140625 27.84799957275390625 27.813999176025390625 27.808000564575195312 27.767000198364257812 27.673999786376953125 27.608999252319335938 27.663999557495117188 27.75 41.203998565673828125 54.590999603271484375 54.574001312255859375 54.575000762939453125 54.575000762939453125 54.577999114990234375 54.592998504638671875 54.5670013427734375 54.5279998779296875 54.483001708984375 41.04199981689453125 54.4160003662109375 40.99900054931640625 27.511999130249023438 27.450000762939453125 27.437999725341796875 27.424999237060546875 27.413000106811523438 50.129001617431640625 50.203998565673828125 50.2610015869140625 50.279998779296875 50.286998748779296875 50.326000213623046875 50.325000762939453125 50.3170013427734375 50.273998260498046875 49.73699951171875 26.016000747680664062
29.69499969482421875 29.059999465942382812 28.13899993896484375 28.007999420166015625 27.920000076293945312 27.854000091552734375 27.854000091552734375 27.812999725341796875 27.718999862670898438 27.615999221801757812 27.697999954223632812 27.781000137329101562 41.19100189208984375 54.588001251220703125 54.5670013427734375 54.56600189208984375 54.569000244140625 54.59600067138671875 54.5839996337890625 54.54199981689453125 54.493000030517578125 54.457000732421875 54.3860015869140625 54.3769989013671875 40.951999664306640625 27.48699951171875 27.413000106811523438 27.372999191284179688 27.356000900268554688 50.101001739501953125 50.051998138427734375 50.108001708984375 50.130001068115234375 50.12599945068359375 50.131999969482421875 50.160999298095703125 50.132999420166015625 50.118999481201171875 50.047000885009765625 49.452999114990234375 25.968999862670898438
29.572000503540039062 29.398000717163085938 28.424999237060546875 28.06999969482421875 27.965000152587890625 27.927999496459960938 27.909999847412109375 27.865999221801757812 27.7779998779296875 27.677000045776367188 27.76300048828125 27.816999435424804688 41.201000213623046875 54.620998382568359375 54.577999114990234375 54.55899810791015625 54.592998504638671875 54.5989990234375 54.55500030517578125 54.506999969482421875 54.453998565673828125 54.4290008544921875 54.358001708984375 54.299999237060546875 40.923000335693359375 27.441999435424804688 27.350999832153320312 27.315000534057617188 27.284999847412109375 50.020000457763671875 50.009998321533203125 49.98400115966796875 49.977001190185546875 49.9720001220703125 49.978000640869140625 49.990001678466796875 49.94499969482421875 49.923000335693359375 49.80699920654296875 49.203998565673828125 25.996000289916992188
29.40399932861328125 29.294000625610351562 28.643999099731445312 28.142999649047851562 27.97100067138671875 27.965000152587890625 27.954999923706054688 27.9160003662109375 27.822000503540039062 27.732000350952148438 27.809999465942382812 27.886999130249023438 34.574001312255859375 41.230998992919921875 41.201000213623046875 47.88700103759765625 54.6139984130859375 54.5670013427734375 54.516998291015625 54.466999053955078125 54.4160003662109375 54.4010009765625 54.34600067138671875 54.241001129150390625 40.8300018310546875 27.363000869750976562 27.283000946044921875 27.267000198364257812 27.256000518798828125 50.004001617431640625 49.9850006103515625 49.89099884033203125 49.825000762939453125 49.819000244140625 49.824001312255859375 49.81800079345703125 49.766998291015625 49.729999542236328125 49.5800018310546875 49.06800079345703125 26.055999755859375
29.229000091552734375 28.9720001220703125 28.363000869750976562 28.202999114990234375 28.086000442504882812 28.003999710083007812 28.00099945068359375 27.954999923706054688 27.865999221801757812 27.787000656127929688 27.851999282836914062 27.954000473022460938 27.992000579833984375 27.944000244140625 27.937999725341796875 41.266998291015625 54.577999114990234375 54.52899932861328125 54.480998992919921875 54.422000885009765625 54.3860015869140625 54.370998382568359375 54.328998565673828125 54.21099853515625 40.756000518798828125 27.301000595092773438 27.204000473022460938 27.173999786376953125 27.1660003662109375 38.54199981689453125 44.175998687744140625 49.798000335693359375 49.715999603271484375 49.66500091552734375 49.66500091552734375 49.645000457763671875 49.59400177001953125 49.537998199462890625 49.381999969482421875 49.04199981689453125 31.76300048828125
29.031000137329101562 28.76300048828125 28.406000137329101562 28.253000259399414062 28.131999969482421875 28.052000045776367188 28.04199981689453125 28.00099945068359375 27.900999069213867188 27.823999404907226562 27.93199920654296875 28.118000030517578125 28.1529998779296875 28.010000228881835938 27.996000289916992188 41.332000732421875 54.55500030517578125 54.477001190185546875 54.438999176025390625 54.379001617431640625 54.355998992919921875 54.341999053955078125 40.9199981689453125 27.408000946044921875 27.31999969482421875 27.23600006103515625 27.142999649047851562 27.09600067138671875 27.045000076293945312 27.034999847412109375 38.3470001220703125 49.645999908447265625 49.587001800537109375 49.529998779296875 49.5 49.466999053955078125 49.4199981689453125 49.3600006103515625 49.233001708984375 49.078998565673828125 37.48699951171875
28.69300079345703125 28.569000244140625 28.396999359130859375 28.295999526977539062 28.160999298095703125 28.094999313354492188 28.079000473022460938 28.038000106811523438 27.934000015258789062 27.840999603271484375 27.941999435424804688 28.131999969482421875 28.16500091552734375 28.01300048828125 27.997999191284179688 27.920000076293945312 27.759000778198242188 27.622999191284179688 27.600000381469726562 27.56800079345703125 27.506999969482421875 27.468999862670898438 27.417999267578125 27.30699920654296875 27.19300079345703125 27.145999908447265625 27.075000762939453125 27.02899932861328125 26.961000442504882812 26.906999588012695312 26.857999801635742188 26.766000747680664062 26.704999923706054688 26.677999496459960938 26.615999221801757812 26.576999664306640625 26.489999771118164062 26.423999786376953125 26.406999588012695312 26.312999725341796875 26.156000137329101562
28.506000518798828125 28.475000381469726562 28.378999710083007812 28.298000335693359375 28.131999969482421875 28.099000930786132812 28.099000930786132812 28.059000015258789062 27.97100067138671875 27.86100006103515625 27.913000106811523438 28.01300048828125 27.964000701904296875 27.84799957275390625 27.830999374389648438 27.756000518798828125 27.688999176025390625 27.5970001220703125 27.51399993896484375 27.510999679565429688 27.441999435424804688 27.353000640869140625 27.2649993896484375 27.239999771118164062 27.162000656127929688 27.077999114990234375 27.003999710083007812 26.955999374389648438 26.885000228881835938 26.799999237060546875 26.770999908447265625 26.7089996337890625 26.658000946044921875 26.566999435424804688 26.531999588012695312 26.448999404907226562 26.37400054931640625 26.326000213623046875 26.267999649047851562 26.190000534057617188 26.094999313354492188
28.386999130249023438 28.36100006103515625 28.283000946044921875 28.19499969482421875 28.134000778198242188 28.12599945068359375 28.114000320434570312 28.076000213623046875 28.010999679565429688 27.934999465942382812 27.872999191284179688 27.893999099731445312 27.781999588012695312 27.716999053955078125 27.676000595092773438 27.627000808715820312 27.538000106811523438 27.534999847412109375 27.437999725341796875 27.375 27.30500030517578125 27.215999603271484375 27.177999496459960938 27.135999679565429688 27.059000015258789062 26.979000091552734375 26.922000885009765625 26.871000289916992188 26.815000534057617188 26.729000091552734375 26.6790008544921875 26.618999481201171875 26.577999114990234375 26.52899932861328125 26.452999114990234375 26.38800048828125 26.31999969482421875 26.252000808715820312 26.167999267578125 26.125 26.075000762939453125
28.308000564575195312 28.283000946044921875 28.233999252319335938 28.194000244140625 28.174999237060546875 28.1660003662109375 28.135999679565429688 28.0970001220703125 28.05699920654296875 27.992000579833984375 27.9160003662109375 27.892000198364257812 27.80699920654296875 27.711999893188476562 27.680999755859375 27.648000717163085938 27.563999176025390625 27.547000885009765625 27.4589996337890625 27.38899993896484375 27.356000900268554688 27.284000396728515625 27.204999923706054688 27.15200042724609375 27.108999252319335938 27.045999526977539062 26.989999771118164062 26.930999755859375 26.878999710083007812 26.812000274658203125 26.76399993896484375 26.697999954223632812 26.63899993896484375 26.576000213623046875 26.510000228881835938 26.45999908447265625 26.408000946044921875 26.3470001220703125 26.273000717163085938 26.215999603271484375 26.160999298095703125
28.40399932861328125 28.356000900268554688 28.30500030517578125 28.25099945068359375 28.216999053955078125 28.184999465942382812 28.156000137329101562 28.142000198364257812 28.0970001220703125 28.049999237060546875 28.002000808715820312 27.961000442504882812 27.892999649047851562 27.826000213623046875 27.798999786376953125 27.731000900268554688 27.667999267578125 27.613000869750976562 27.5410003662109375 27.493000030517578125 27.433000564575195312 27.368999481201171875 27.298000335693359375 27.243000030517578125 27.170000076293945312 27.107000350952148438 27.051000595092773438 26.993999481201171875 26.937999725341796875 26.882999420166015625 26.822000503540039062 26.747999191284179688 26.686000823974609375 26.621999740600585938 26.562000274658203125 26.51399993896484375 26.454000473022460938 26.395999908447265625 26.325000762939453125 26.260999679565429688 26.184000015258789062
28.433000564575195312 28.377000808715820312 28.341999053955078125 28.29000091552734375 28.245000839233398438 28.204000473022460938 28.188999176025390625 28.169000625610351562 28.121000289916992188 28.079999923706054688 28.034999847412109375 27.9850006103515625 27.9290008544921875 27.872999191284179688 27.812000274658203125 27.745000839233398438 27.676000595092773438 27.607000350952148438 27.547000885009765625 27.48699951171875 27.434999465942382812 27.371000289916992188 27.294000625610351562 27.224000930786132812 27.158000946044921875 27.104000091552734375 27.038000106811523438 26.981000900268554688 26.924999237060546875 26.864000320434570312 26.801000595092773438 26.73600006103515625 26.672000885009765625 26.603000640869140625 26.549999237060546875 26.48699951171875 26.426000595092773438 26.358999252319335938 26.2910003662109375 26.22299957275390625 26.148000717163085938
28.378999710083007812 28.357999801635742188 28.308000564575195312 28.260999679565429688 28.218000411987304688 28.200000762939453125 28.187999725341796875 28.1399993896484375 28.104999542236328125 28.055999755859375 27.996999740600585938 27.947000503540039062 27.878999710083007812 27.812999725341796875 27.743000030517578125 27.673000335693359375 27.566999435424804688 27.535999298095703125 27.482999801635742188 27.43000030517578125 27.354000091552734375 27.285999298095703125 27.228000640869140625 27.16500091552734375 27.101999282836914062 27.035999298095703125 26.912000656127929688 26.871999740600585938 26.8470001220703125 26.809999465942382812 26.761999130249023438 26.655000686645507812 26.607000350952148438 26.559999465942382812 26.495000839233398438 26.406999588012695312 26.358999252319335938 26.292999267578125 26.204000473022460938 26.16500091552734375 26.107999801635742188
28.33499908447265625 28.312000274658203125 28.242000579833984375 28.229999542236328125 28.18199920654296875 28.156999588012695312 28.106000900268554688 28.059000015258789062 28.031999588012695312 27.996999740600585938 27.936000823974609375 27.881000518798828125 27.816999435424804688 27.792999267578125 27.673999786376953125 27.650999069213867188 27.54199981689453125 27.507999420166015625 27.461999893188476562 27.409000396728515625 27.295000076293945312 27.214000701904296875 27.172000885009765625 27.113000869750976562 27.062000274658203125 27.02899932861328125 26.982999801635742188 26.9029998779296875 26.88800048828125 26.857999801635742188 26.832000732421875 26.746000289916992188 26.660999298095703125 26.579000473022460938 26.559000015258789062 26.517999649047851562 26.434000015258789062 26.364000320434570312 26.33499908447265625 26.294000625610351562 26.229999542236328125
28.440000534057617188 28.38800048828125 28.329999923706054688 28.254999160766601562 28.267999649047851562 28.260999679565429688 28.18199920654296875 28.09600067138671875 28.06800079345703125 28.059999465942382812 28.02700042724609375 27.982000350952148438 27.979999542236328125 27.891000747680664062 27.774000167846679688 27.743999481201171875 27.69499969482421875 27.680999755859375 27.631000518798828125 27.552000045776367188 27.48600006103515625 27.41500091552734375 27.30699920654296875 27.231000900268554688 27.201999664306640625 27.170000076293945312 27.121000289916992188 27.033000946044921875 26.983999252319335938 26.974000930786132812 26.906000137329101562 26.84799957275390625 26.759000778198242188 26.646999359130859375 26.625 26.548999786376953125 26.493000030517578125 26.413000106811523438 26.350000381469726562 26.343999862670898438 26.3040008544921875
28.5149993896484375 28.465999603271484375 28.3899993896484375 28.354000091552734375 28.339000701904296875 28.297000885009765625 28.254999160766601562 28.201999664306640625 28.13899993896484375 28.062000274658203125 28.0540008544921875 28.059999465942382812 28.048999786376953125 27.988000869750976562 27.896999359130859375 27.857000350952148438 27.823999404907226562 27.7779998779296875 27.715000152587890625 27.66699981689453125 27.622999191284179688 27.549999237060546875 27.506999969482421875 27.37400054931640625 27.350999832153320312 27.364000320434570312 27.370000839233398438 27.313999176025390625 27.260000228881835938 27.224000930786132812 27.20999908447265625 27.167999267578125 27.128000259399414062 43.784000396728515625 43.659000396728515625 60.550998687744140625 60.5260009765625 60.3860015869140625 60.29000091552734375 60.23799896240234375 60.18199920654296875
51.634998321533203125 51.5 62.908000946044921875 51.38899993896484375 28.319000244140625 28.2089996337890625 28.2350006103515625 28.215999603271484375 28.090999603271484375 27.954000473022460938 27.961000442504882812 28.042999267578125 28.106000900268554688 28.063999176025390625 27.955999374389648438 27.940000534057617188 27.952999114990234375 27.913999557495117188 27.853000640869140625 27.812999725341796875 27.783000946044921875 27.715000152587890625 27.655000686645507812 27.562000274658203125 27.531999588012695312 27.5540008544921875 27.531000137329101562 27.520000457763671875 27.47299957275390625 27.447999954223632812 27.406999588012695312 27.377000808715820312 27.302000045776367188 60.948001861572265625 60.819000244140625 60.74700164794921875 60.617000579833984375 60.4739990234375 60.3489990234375 60.268001556396484375 60.199001312255859375
