input/fundem-5m-small.asc
ncols        34
nrows        20
xllcorner    524328.000000000000
yllcorner    5041204.000000000000
cellsize     5.000000000000
NODATA_value  -3.4028234663852885981e+38
 29.395999908447265625 26.910999298095703125 26.802999496459960938 26.686000823974609375 26.656999588012695312 51.714000701904296875 51.720001220703125 51.729000091552734375 51.63800048828125 51.5 51.338001251220703125 26.00099945068359375 64.89600372314453125 64.59999847412109375 64.40899658203125 64.25299835205078125 25.186000823974609375 24.747999191284179688 24.520999908447265625 24.247999191284179688 24.045999526977539062 18.0540008544921875 17.569000244140625 17.365999221801757812 16.332000732421875 16.135000228881835938 15.829999923706054688 15.810999870300292969 15.460000038146972656 15.086000442504882812 16.687000274658203125 16.412000656127929688 21.420999526977539062 22.590000152587890625
 30.035999298095703125 27.093999862670898438 26.936000823974609375 26.812000274658203125 26.794000625610351562 51.61199951171875 51.7519989013671875 51.854000091552734375 51.826999664306640625 51.837001800537109375 52.0279998779296875 26.364999771118164062 65.1320037841796875 64.707000732421875 64.4759979248046875 64.3600006103515625 25.287000656127929688 24.836000442504882812 24.5970001220703125 24.245000839233398438 24.034999847412109375 18.40399932861328125 17.895000457763671875 17.562000274658203125 16.437999725341796875 16.2089996337890625 15.871999740600585938 15.868000030517578125 15.496999740600585938 15.071000099182128906 16.659999847412109375 16.59799957275390625 20.044000625610351562 22.72100067138671875
 30.065999984741210938 27.201999664306640625 27.079000473022460938 26.957000732421875 26.94499969482421875 51.8079986572265625 52.172000885009765625 52.50299835205078125 27.135000228881835938 27.11199951171875 27.298000335693359375 26.412000656127929688 65.18900299072265625 64.7870025634765625 64.5579986572265625 64.4720001220703125 25.378999710083007812 24.947000503540039062 24.670999526977539062 24.246999740600585938 24.010000228881835938 18.746999740600585938 18.2649993896484375 17.323999404907226562 16.618000030517578125 16.287000656127929688 15.925000190734863281 15.935000419616699219 15.548000335693359375 15.076000213623046875 16.802000045776367188 16.830999374389648438 17.841999053955078125 22.815999984741210938
 30.2779998779296875 27.4459991455078125 27.204000473022460938 27.093000411987304688 27.076999664306640625 27.132999420166015625 27.312999725341796875 27.284000396728515625 37.341999053955078125 37.34600067138671875 27.538999557495117188 26.7910003662109375 65.8730010986328125 65.4199981689453125 64.64099884033203125 64.5619964599609375 25.427000045776367188 25.047000885009765625 24.775999069213867188 24.260000228881835938 23.95800018310546875 19.117000579833984375 18.62599945068359375 18.1399993896484375 16.801000595092773438 16.367000579833984375 15.984999656677246094 15.984999656677246094 15.605999946594238281 15.11100006103515625 16.176000595092773438 17.072000503540039062 16.964000701904296875 22.908000946044921875
 30.341999053955078125 27.469999313354492188 27.36199951171875 27.232999801635742188 27.184000015258789062 38.779998779296875 38.9420013427734375 27.61100006103515625 27.802000045776367188 27.752000808715820312 27.819000244140625 27.44499969482421875 27.740999221801757812 26.752000808715820312 26.687000274658203125 26.16699981689453125 25.488000869750976562 25.15399932861328125 24.909999847412109375 24.224000930786132812 23.8899993896484375 19.8040008544921875 19.007999420166015625 18.523000717163085938 16.896999359130859375 16.440999984741210938 16.04000091552734375 15.9589996337890625 15.668000221252441406 15.178999900817871094 15.407999992370605469 17.375 17.05500030517578125 22.773000717163085938
 30.261999130249023438 28.106000900268554688 27.479999542236328125 27.3899993896484375 27.316999435424804688 54.516998291015625 54.49700164794921875 27.795000076293945312 27.745000839233398438 42.657001495361328125 42.76399993896484375 27.745000839233398438 50.48799896240234375 50.01300048828125 49.895000457763671875 49.569000244140625 25.576000213623046875 25.29000091552734375 25.072000503540039062 24.187999725341796875 23.815000534057617188 21.839000701904296875 19.3899993896484375 19.018999099731445312 17.169000625610351562 16.50099945068359375 16.114999771118164062 15.939000129699707031 15.706999778747558594 15.251000404357910156 15.508000373840332031 17.658000946044921875 17.26399993896484375 23.176000595092773438
 30.243000030517578125 28.247999191284179688 27.58300018310546875 27.5 27.386999130249023438 54.42800140380859375 54.52500152587890625 54.56999969482421875 27.775999069213867188 27.701000213623046875 27.676000595092773438 27.690000534057617188 50.4420013427734375 50.464000701904296875 50.326000213623046875 50.23699951171875 48.55500030517578125 25.44300079345703125 25.273000717163085938 24.457000732421875 23.715000152587890625 22.256000518798828125 19.767999649047851562 19.4160003662109375 17.363000869750976562 16.552000045776367188 16.187999725341796875 15.90200042724609375 15.781000137329101562 15.326999664306640625 15.324999809265136719 17.9720001220703125 17.576000213623046875 21.378999710083007812
 30.120000839233398438 27.86199951171875 27.724000930786132812 27.656000137329101562 27.561000823974609375 54.54199981689453125 54.53900146484375 54.5709991455078125 54.59600067138671875 27.757999420166015625 27.591999053955078125 27.576999664306640625 27.509000778198242188 27.600000381469726562 27.7220001220703125 27.896999359130859375 26.281999588012695312 25.614000320434570312 25.4589996337890625 25.295000076293945312 23.577999114990234375 23.148000717163085938 20.159999847412109375 19.827999114990234375 17.535999298095703125 16.61199951171875 16.284000396728515625 15.859999656677246094 15.868000030517578125 15.413999557495117188 15.178000450134277344 17.954000473022460938 17.910999298095703125 17.924999237060546875
 29.780000686645507812 28.038000106811523438 27.794000625610351562 27.784999847412109375 27.65200042724609375 54.606998443603515625 54.56800079345703125 54.59999847412109375 54.516998291015625 54.382999420166015625 27.517000198364257812 27.384000778198242188 50.0989990234375 50.167999267578125 50.20600128173828125 50.148998260498046875 26.045000076293945312 25.707000732421875 25.608999252319335938 25.69300079345703125 23.436000823974609375 23.16500091552734375 20.5540008544921875 20.233999252319335938 17.867000579833984375 16.663000106811523438 16.368000030517578125 15.925999641418457031 15.937000274658203125 15.491000175476074219 15.102999687194824219 17.38899993896484375 18.2910003662109375 18.121999740600585938
 29.422000885009765625 28.524000167846679688 27.965999603271484375 27.906000137329101562 27.802000045776367188 27.87400054931640625 27.781000137329101562 54.546001434326171875 54.412998199462890625 54.313999176025390625 27.368000030517578125 27.246999740600585938 49.995998382568359375 49.783000946044921875 49.786998748779296875 49.661998748779296875 26.115999221801757812 25.877000808715820312 25.740999221801757812 25.982000350952148438 23.305999755859375 22.9720001220703125 20.937000274658203125 20.608999252319335938 18.620000839233398438 16.792999267578125 16.45999908447265625 16.024999618530273438 16.0410003662109375 15.576999664306640625 15.109000205993652344 16.30500030517578125 18.698999404907226562 18.316999435424804688
 28.80699920654296875 28.36100006103515625 28.0970001220703125 28.003000259399414062 27.947999954223632812 28.136999130249023438 27.995000839233398438 27.615999221801757812 27.524000167846679688 27.461000442504882812 27.173000335693359375 27.0540008544921875 26.899999618530273438 26.711999893188476562 26.600000381469726562 26.419000625610351562 26.187999725341796875 25.910999298095703125 25.839000701904296875 26.063999176025390625 23.13800048828125 22.802999496459960938 21.292999267578125 20.978000640869140625 20.461999893188476562 17.055999755859375 16.552999496459960938 16.128999710083007812 16.093999862670898438 15.690999984741210938 15.211000442504882812 15.788999557495117188 19.106000900268554688 18.680999755859375
 28.343999862670898438 28.202999114990234375 28.13800048828125 28.06999969482421875 27.870000839233398438 27.705999374389648438 27.604999542236328125 27.517999649047851562 27.267999649047851562 27.177999496459960938 26.99900054931640625 26.864999771118164062 26.701000213623046875 26.577999114990234375 26.406999588012695312 26.254999160766601562 26.107000350952148438 25.934999465942382812 25.909999847412109375 26.020000457763671875 22.996999740600585938 22.5970001220703125 21.631000518798828125 21.343999862670898438 21.1790008544921875 17.260000228881835938 16.6660003662109375 16.225999832153320312 16.031999588012695312 15.80500030517578125 15.321999549865722656 15.44499969482421875 19.495000839233398438 19.132999420166015625
 28.454000473022460938 28.326999664306640625 28.211000442504882812 28.163999557495117188 28.049999237060546875 27.912000656127929688 27.770999908447265625 27.607999801635742188 27.457000732421875 27.283000946044921875 27.12599945068359375 26.974000930786132812 26.829000473022460938 26.663000106811523438 26.517000198364257812 26.357999801635742188 26.174999237060546875 26.038000106811523438 25.97100067138671875 25.992000579833984375 22.863000869750976562 22.38800048828125 21.9850006103515625 21.712999343872070312 21.589000701904296875 17.667999267578125 16.712999343872070312 16.341999053955078125 15.987999916076660156 15.913000106811523438 15.446999549865722656 15.336999893188476562 18.686000823974609375 19.579000473022460938
 28.326000213623046875 28.225000381469726562 28.160999298095703125 28.020999908447265625 27.941999435424804688 27.822999954223632812 27.636999130249023438 27.534999847412109375 27.368000030517578125 27.16699981689453125 27.0709991455078125 26.91699981689453125 26.87599945068359375 26.662000656127929688 26.58300018310546875 26.385000228881835938 26.284999847412109375 25.976999282836914062 25.981000900268554688 25.997999191284179688 22.86199951171875 22.172000885009765625 21.8600006103515625 22.059000015258789062 21.961000442504882812 17.982000350952148438 16.759000778198242188 16.457000732421875 16.004999160766601562 16.025999069213867188 15.579999923706054688 15.206000328063964844 16.7089996337890625 20.018999099731445312
 28.697000503540039062 74.3690032958984375 28.214000701904296875 28.19300079345703125 27.947000503540039062 28.09799957275390625 27.934999465942382812 27.893999099731445312 27.7910003662109375 27.627000808715820312 27.551000595092773438 27.518999099731445312 27.41699981689453125 27.274999618530273438 60.75099945068359375 60.43399810791015625 60.20999908447265625 60.12400054931640625 26.024999618530273438 26.017000198364257812 25.114999771118164062 21.951000213623046875 21.510999679565429688 22.423000335693359375 22.3339996337890625 19.114999771118164062 16.899999618530273438 16.562999725341796875 16.118999481201171875 16.13800048828125 15.703000068664550781 15.246999740600585938 16.72100067138671875 20.563999176025390625
 74.64600372314453125 74.43399810791015625 28.229999542236328125 28.215999603271484375 27.936000823974609375 28.149999618530273438 28.045999526977539062 27.919000625610351562 27.792999267578125 27.645999908447265625 27.524999618530273438 27.4589996337890625 27.378999710083007812 27.268999099731445312 60.7949981689453125 60.5260009765625 60.256000518798828125 60.133998870849609375 26.059000015258789062 26.06800079345703125 25.572999954223632812 21.740999221801757812 21.238000869750976562 22.843000411987304688 22.68199920654296875 21.547000885009765625 17.2089996337890625 16.670000076293945312 16.257999420166015625 16.149000167846679688 15.831000328063964844 15.401000022888183594 16.77899932861328125 20.75099945068359375
 74.76599884033203125 74.51000213623046875 28.285999298095703125 28.2089996337890625 27.961999893188476562 28.201999664306640625 28.069000244140625 27.954999923706054688 27.851999282836914062 27.701999664306640625 27.503999710083007812 27.436000823974609375 27.326000213623046875 27.2649993896484375 60.88700103759765625 60.618999481201171875 60.351001739501953125 60.16500091552734375 26.093000411987304688 26.117000579833984375 26.211999893188476562 21.545000076293945312 21.006999969482421875 23.232999801635742188 23.033000946044921875 22.930999755859375 17.635999679565429688 16.746000289916992188 16.381000518798828125 16.090999603271484375 15.980999946594238281 15.557000160217285156 15.470000267028808594 17.253000259399414062
 29.167999267578125 28.645999908447265625 28.25099945068359375 28.256999969482421875 27.983999252319335938 28.280000686645507812 28.128999710083007812 28.0279998779296875 27.9290008544921875 27.797000885009765625 27.6399993896484375 27.5279998779296875 27.405000686645507812 27.285999298095703125 60.912998199462890625 60.6399993896484375 60.380001068115234375 60.19300079345703125 26.146999359130859375 26.16500091552734375 26.204999923706054688 21.386999130249023438 20.798999786376953125 22.15200042724609375 23.377000808715820312 23.292999267578125 18.301000595092773438 16.7910003662109375 16.489999771118164062 16.100999832153320312 16.093000411987304688 15.692000389099121094 15.350999832153320312 16.427999496459960938
 75.26399993896484375 74.819000244140625 28.365999221801757812 28.275999069213867188 28.04199981689453125 28.31999969482421875 28.201000213623046875 28.090999603271484375 28.006999969482421875 27.86199951171875 27.732999801635742188 27.587999343872070312 27.479000091552734375 27.315999984741210938 60.924999237060546875 60.685001373291015625 60.449001312255859375 60.21900177001953125 26.1529998779296875 26.20800018310546875 26.143999099731445312 21.99900054931640625 20.600999832153320312 20.452999114990234375 23.712999343872070312 23.628000259399414062 20.687999725341796875 16.910999298095703125 16.600999832153320312 16.214000701904296875 16.202999114990234375 15.848999977111816406 15.432999610900878906 16.226999282836914062
 75.26000213623046875 74.77300262451171875 28.3600006103515625 28.375 28.04199981689453125 28.34799957275390625 28.239000320434570312 28.159000396728515625 28.051000595092773438 27.9160003662109375 27.781999588012695312 61.564998626708984375 61.464000701904296875 61.215999603271484375 60.99900054931640625 60.7239990234375 60.44699859619140625 60.23799896240234375 26.190000534057617188 26.273000717163085938 26.190000534057617188 25.6529998779296875 20.399000167846679688 19.9160003662109375 24.044000625610351562 23.954000473022460938 24.065000534057617188 17.302000045776367188 16.704000473022460938 16.336999893188476562 16.218000411987304688 16.006000518798828125 15.621000289916992188 15.765000343322753906
