input/fundem-9m-small.asc
ncols        19
nrows        11
xllcorner    524330.000000000000
yllcorner    5041206.000000000000
cellsize     9.000000000000
NODATA_value  -3.4028234663852885981e+38
 27.009000778198242188 26.7910003662109375 26.70800018310546875 51.74900054931640625 51.685001373291015625 51.560001373291015625 65.07399749755859375 64.4459991455078125 64.29900360107421875 24.73699951171875 24.330999374389648438 19.4850006103515625 17.447999954223632812 16.312999725341796875 15.840000152587890625 15.536000251770019531 15.835000038146972656 16.455999374389648438 22.496999740600585938
 27.1959991455078125 27.034999847412109375 51.939998626708984375 52.296001434326171875 27.135000228881835938 27.253999710083007812 65.35700225830078125 64.62799835205078125 64.46600341796875 24.947000503540039062 24.462999343872070312 22.106000900268554688 18.093999862670898438 16.451999664306640625 15.925000190734863281 15.635000228881835938 15.232000350952148438 16.694000244140625 22.690000534057617188
 27.430999755859375 27.287000656127929688 38.717998504638671875 27.017999649047851562 37.548999786376953125 27.770999908447265625 27.299999237060546875 26.492000579833984375 26.034999847412109375 25.159000396728515625 24.371000289916992188 23.808000564575195312 18.783000946044921875 16.673000335693359375 16.048000335693359375 15.729000091552734375 15.157999992370605469 17.142999649047851562 22.854000091552734375
 28.636999130249023438 27.533000946044921875 27.573999404907226562 54.55899810791015625 27.86199951171875 27.6959991455078125 50.43000030517578125 50.147998809814453125 49.768001556396484375 25.350999832153320312 24.559000015258789062 23.601999282836914062 19.495000839233398438 17.052000045776367188 16.158000946044921875 15.843999862670898438 15.062000274658203125 17.698999404907226562 23.159000396728515625
 28.465000152587890625 27.771999359130859375 27.698999404907226562 54.5800018310546875 54.55300140380859375 27.593000411987304688 27.489000320434570312 50.38800048828125 50.4459991455078125 25.669000625610351562 25.669000625610351562 23.364999771118164062 20.18199920654296875 17.4589996337890625 16.31800079345703125 15.987000465393066406 15.130000114440917969 18.302999496459960938 18.892999649047851562
 28.544000625610351562 27.9850006103515625 27.88800048828125 54.65599822998046875 54.396999359130859375 27.351999282836914062 49.953998565673828125 49.699001312255859375 49.493000030517578125 25.900999069213867188 25.877000808715820312 23.076000213623046875 20.815000534057617188 17.853000640869140625 16.481000900268554688 16.042999267578125 15.342000007629394531 17.878000259399414062 18.419000625610351562
 28.252000808715820312 28.1100006103515625 27.857999801635742188 27.573999404907226562 27.267999649047851562 27.031999588012695312 26.702999114990234375 26.507999420166015625 26.2089996337890625 25.934999465942382812 25.9290008544921875 22.718999862670898438 21.524000167846679688 20.371000289916992188 16.6660003662109375 15.961000442504882812 15.520000457763671875 15.993000030517578125 19.038999557495117188
 28.245000839233398438 28.1100006103515625 27.910999298095703125 27.6529998779296875 27.285999298095703125 27.034999847412109375 26.774999618530273438 26.533000946044921875 26.312000274658203125 25.952999114990234375 26.007999420166015625 22.399999618530273438 22.1529998779296875 21.853000640869140625 16.753000259399414062 16.06999969482421875 15.741999626159667969 15.623000144958496094 19.868000030517578125
 74.46900177001953125 28.2649993896484375 28.037000656127929688 28.006999969482421875 27.781000137329101562 27.575000762939453125 27.378999710083007812 61 60.426998138427734375 60.117000579833984375 26.058000564575195312 22.05699920654296875 21.437000274658203125 22.531999588012695312 17.055999755859375 16.294000625610351562 15.963999748229980469 15.234999656677246094 20.75
 74.60399627685546875 28.239000320434570312 28.089000701904296875 28.091999053955078125 27.8600006103515625 27.582000732421875 27.393999099731445312 61.076000213623046875 60.601001739501953125 60.185001373291015625 26.145999908447265625 22.5540008544921875 20.732999801635742188 23.163000106811523438 17.785999298095703125 16.479000091552734375 16.190999984741210938 15.432000160217285156 18.79000091552734375
 74.93499755859375 28.315999984741210938 28.145000457763671875 28.201000213623046875 28.0149993896484375 27.754999160766601562 27.547000885009765625 61.08300018310546875 60.645999908447265625 60.231998443603515625 26.219999313354492188 26.044000625610351562 20.343000411987304688 23.746999740600585938 21.256000518798828125 16.707000732421875 16.13800048828125 15.717000007629394531 16.4589996337890625
