input/fundem-2m-small.asc
ncols        84
nrows        50
xllcorner    524330.000000000000
yllcorner    5041202.000000000000
cellsize     2.000000000000
NODATA_value  -3.4028234663852885981e+38
[rows 18 to 35 of 50, columns 41 to 81 of 84]
25.701999664306640625 25.673000335693359375 25.506999969482421875 25.496000289916992188 25.5149993896484375 25.5410003662109375 25.535999298095703125 24.05699920654296875 23.628999710083007812 23.510999679565429688 23.406000137329101562 23.246000289916992188 21.562999725341796875 20.417999267578125 20.239000320434570312 20.118000030517578125 19.996000289916992188 19.81800079345703125 18.531999588012695312 17.503999710083007812 17.049999237060546875 16.659000396728515625 16.577999114990234375 16.430999755859375 16.266000747680664062 16.082000732421875 15.918999671936035156 15.949999809265136719 16.002000808715820312 15.838000297546386719 15.642000198364257812 15.479000091552734375 15.272999763488769531 15.100999832153320312 15.241000175476074219 15.685999870300292969 17.180999755859375 18.315000534057617188 18.160999298095703125 17.968000411987304688 17.850999832153320312
25.742000579833984375 25.724000930786132812 25.559999465942382812 25.552999496459960938 25.575000762939453125 25.601999282836914062 25.663999557495117188 24.100000381469726562 23.586000442504882812 23.454000473022460938 23.350000381469726562 23.215000152587890625 21.827999114990234375 20.5540008544921875 20.392999649047851562 20.253999710083007812 20.145999908447265625 20.00099945068359375 18.830999374389648438 17.565999984741210938 17.15200042724609375 16.69499969482421875 16.604000091552734375 16.468000411987304688 16.298999786376953125 16.120000839233398438 15.942999839782714844 15.927000045776367188 16.023000717163085938 15.871000289916992188 15.689999580383300781 15.506999969482421875 15.328000068664550781 15.133999824523925781 15.225000381469726562 15.647000312805175781 17.24900054931640625 18.451999664306640625 18.308000564575195312 18.12599945068359375 17.964000701904296875
25.809000015258789062 25.73600006103515625 25.618000030517578125 25.621999740600585938 25.636999130249023438 25.670000076293945312 25.770000457763671875 24.11199951171875 23.54000091552734375 23.399999618530273438 23.287000656127929688 23.174999237060546875 22.128999710083007812 20.701999664306640625 20.54199981689453125 20.406000137329101562 20.301000595092773438 20.190999984741210938 19.420999526977539062 17.760000228881835938 17.218999862670898438 16.740999221801757812 16.621999740600585938 16.507999420166015625 16.339000701904296875 16.162000656127929688 15.977000236511230469 15.935999870300292969 16.048000335693359375 15.909999847412109375 15.734000205993652344 15.545000076293945312 15.355999946594238281 15.159999847412109375 15.171999931335449219 15.555999755859375 16.66699981689453125 18.495000839233398438 18.464000701904296875 18.297000885009765625 18.1100006103515625
25.867000579833984375 25.767999649047851562 25.658000946044921875 25.672000885009765625 25.690999984741210938 25.72299957275390625 25.898000717163085938 24.424999237060546875 23.489000320434570312 23.336000442504882812 23.216999053955078125 23.103000640869140625 22.2350006103515625 20.840999603271484375 20.698999404907226562 20.542999267578125 20.450000762939453125 20.356000900268554688 19.6790008544921875 17.871000289916992188 17.2910003662109375 16.809000015258789062 16.642999649047851562 16.54199981689453125 16.371999740600585938 16.200000762939453125 16.017999649047851562 15.91699981689453125 16.031000137329101562 15.949999809265136719 15.762999534606933594 15.586000442504882812 15.387999534606933594 15.203000068664550781 15.142999649047851562 15.501999855041503906 16.325000762939453125 18.371000289916992188 18.613000869750976562 18.44300079345703125 18.261999130249023438
25.920000076293945312 25.872999191284179688 25.753000259399414062 25.718000411987304688 25.739999771118164062 25.766000747680664062 25.909999847412109375 24.419000625610351562 23.447000503540039062 23.283000946044921875 23.150999069213867188 23.0279998779296875 22.368999481201171875 20.965999603271484375 20.84799957275390625 20.684999465942382812 20.591999053955078125 20.511999130249023438 20.080999374389648438 18.031000137329101562 17.363000869750976562 16.892999649047851562 16.659000396728515625 16.576000213623046875 16.412000656127929688 16.247999191284179688 16.065000534057617188 15.918000221252441406 16.031000137329101562 15.989000320434570312 15.80500030517578125 15.623999595642089844 15.428000450134277344 15.248000144958496094 15.112999916076660156 15.413999557495117188 16.101999282836914062 17.829999923706054688 18.752000808715820312 18.618999481201171875 18.43000030517578125
25.978000640869140625 25.927000045776367188 25.799999237060546875 25.759000778198242188 25.767000198364257812 25.788999557495117188 25.962999343872070312 25.233999252319335938 23.378999710083007812 23.215000152587890625 23.086000442504882812 22.955999374389648438 22.552000045776367188 21.159000396728515625 20.993999481201171875 20.827999114990234375 20.743999481201171875 20.66699981689453125 20.474000930786132812 18.510999679565429688 17.549999237060546875 17 16.687000274658203125 16.607000350952148438 16.451000213623046875 16.284000396728515625 16.09799957275390625 15.940999984741210938 16.002000808715820312 16.030000686645507812 15.8470001220703125 15.670999526977539062 15.427000045776367188 15.288999557495117188 15.128999710083007812 15.425000190734863281 15.979000091552734375 17.257999420166015625 18.868999481201171875 18.77899932861328125 18.61100006103515625
26.01399993896484375 25.955999374389648438 25.8209991455078125 25.795000076293945312 25.799999237060546875 25.823999404907226562 25.97100067138671875 25.591999053955078125 23.343999862670898438 23.149999618530273438 23.016000747680664062 22.878999710083007812 22.63800048828125 21.385000228881835938 21.142000198364257812 20.969999313354492188 20.8899993896484375 20.826999664306640625 20.701000213623046875 19.025999069213867188 17.631000518798828125 17.113000869750976562 16.725999832153320312 16.636999130249023438 16.490999221801757812 16.31999969482421875 16.13800048828125 15.968000411987304688 15.97299957275390625 16.049999237060546875 15.887999534606933594 15.7089996337890625 15.522999763488769531 15.331999778747558594 15.149999618530273438 15.321000099182128906 15.826000213623046875 16.7910003662109375 18.771999359130859375 18.938999176025390625 18.781999588012695312
26.006999969482421875 25.898000717163085938 25.816999435424804688 25.829999923706054688 25.853000640869140625 25.875 25.990999221801757812 25.7910003662109375 23.285999298095703125 23.087999343872070312 22.948999404907226562 22.813999176025390625 22.6100006103515625 21.577999114990234375 21.299999237060546875 21.125 21.034000396728515625 20.968000411987304688 20.899999618530273438 19.649000167846679688 17.76300048828125 17.243999481201171875 16.76300048828125 16.659000396728515625 16.525999069213867188 16.353000640869140625 16.177000045776367188 16.003999710083007812 15.975999832153320312 16.08300018310546875 15.928999900817871094 15.748999595642089844 15.567000389099121094 15.380999565124511719 15.182999610900878906 15.2220001220703125 15.637000083923339844 16.273000717163085938 18.41699981689453125 19.1100006103515625 18.954000473022460938
25.934000015258789062 25.839000701904296875 25.853000640869140625 25.868999481201171875 25.881999969482421875 25.899000167846679688 25.982000350952148438 25.892999649047851562 23.2220001220703125 23.023000717163085938 22.877000808715820312 22.732999801635742188 22.54000091552734375 21.66500091552734375 21.441999435424804688 21.273000717163085938 21.176000595092773438 21.114999771118164062 21.049999237060546875 20.104000091552734375 17.8600006103515625 17.20800018310546875 16.808000564575195312 16.6790008544921875 16.56999969482421875 16.3899993896484375 16.215999603271484375 16.035999298095703125 15.977000236511230469 16.134000778198242188 15.967000007629394531 15.788999557495117188 15.600000381469726562 15.418999671936035156 15.225000381469726562 15.178000450134277344 15.55500030517578125 15.996000289916992188 17.684000015258789062 19.2220001220703125 19.118999481201171875
26.030000686645507812 25.93199920654296875 25.913000106811523438 25.899999618530273438 25.9029998779296875 25.91500091552734375 25.979000091552734375 26.188999176025390625 23.437000274658203125 22.952999114990234375 22.771999359130859375 22.650999069213867188 22.454999923706054688 21.836000442504882812 21.580999374389648438 21.424999237060546875 21.31800079345703125 21.26399993896484375 21.204999923706054688 20.701999664306640625 18.18199920654296875 17.33499908447265625 16.87599945068359375 16.698999404907226562 16.6100006103515625 16.433000564575195312 16.260000228881835938 16.075000762939453125 15.963000297546386719 16.080999374389648438 16.009000778198242188 15.835000038146972656 15.649999618530273438 15.4589996337890625 15.262000083923339844 15.1529998779296875 15.392000198364257812 15.850000381469726562 18.031000137329101562 19.423999786376953125 19.281000137329101562
26.1100006103515625 26.025999069213867188 25.9589996337890625 25.94300079345703125 25.934999465942382812 25.927000045776367188 25.97100067138671875 26.177999496459960938 23.77700042724609375 22.906000137329101562 22.7220001220703125 22.569000244140625 22.41699981689453125 22.228000640869140625 21.725999832153320312 21.589000701904296875 21.47100067138671875 21.424999237060546875 21.36100006103515625 21.016000747680664062 18.356000900268554688 17.575000762939453125 16.990999221801757812 16.719999313354492188 16.6399993896484375 16.475999832153320312 16.305999755859375 16.121999740600585938 15.97299957275390625 16.08300018310546875 16.044000625610351562 15.875 15.692000389099121094 15.501000404357910156 15.314000129699707031 15.149999618530273438 15.338000297546386719 16.05699920654296875 18.313999176025390625 19.575000762939453125 19.444000244140625
26.135999679565429688 26.058000564575195312 25.99900054931640625 25.976999282836914062 25.952999114990234375 25.955999374389648438 25.979000091552734375 26.162000656127929688 24.19300079345703125 22.850999832153320312 22.646999359130859375 22.48600006103515625 22.325000762939453125 22.172000885009765625 21.865999221801757812 21.746000289916992188 21.618000030517578125 21.572000503540039062 21.520000457763671875 21.461000442504882812 19.379999160766601562 17.719999313354492188 17.121999740600585938 16.76300048828125 16.68000030517578125 16.524999618530273438 16.353000640869140625 16.173000335693359375 16.004999160766601562 16.05500030517578125 16.09600067138671875 15.925000190734863281 15.741000175476074219 15.560999870300292969 15.366999626159667969 15.175999641418457031 15.307999610900878906 15.937999725341796875 17.156999588012695312 19.5970001220703125 19.632999420166015625
26.106000900268554688 26.04000091552734375 25.993000030517578125 25.974000930786132812 25.964000701904296875 25.9720001220703125 25.98699951171875 26.131999969482421875 24.66699981689453125 22.780000686645507812 22.582000732421875 22.409999847412109375 22.23600006103515625 22.076999664306640625 21.993000030517578125 21.912000656127929688 21.754999160766601562 21.715000152587890625 21.66699981689453125 21.617000579833984375 19.822999954223632812 17.90200042724609375 17.267000198364257812 16.80500030517578125 16.701999664306640625 16.565000534057617188 16.38899993896484375 16.214000701904296875 16.035999298095703125 16.031999588012695312 16.128999710083007812 15.965999603271484375 15.7910003662109375 15.607999801635742188 15.420000076293945312 15.211999893188476562 15.239000320434570312 15.793000221252441406 16.5 19.129999160766601562 19.829999923706054688
26.049999237060546875 25.981000900268554688 25.952999114990234375 25.965999603271484375 25.955999374389648438 25.996999740600585938 25.992000579833984375 26.121000289916992188 25.40200042724609375 22.774000167846679688 22.495000839233398438 22.292999267578125 22.146999359130859375 21.993000030517578125 21.990999221801757812 22.0540008544921875 21.893999099731445312 21.854999542236328125 21.816999435424804688 21.768999099731445312 20.724000930786132812 18.170999526977539062 17.31999969482421875 16.849000930786132812 16.719999313354492188 16.606000900268554688 16.43199920654296875 16.257999420166015625 16.080999374389648438 16.020999908447265625 16.128999710083007812 16 15.828000068664550781 15.656999588012695312 15.463000297546386719 15.267000198364257812 15.196999549865722656 15.593000411987304688 16.12599945068359375 18.134000778198242188 20.021999359130859375
26.159000396728515625 26.01300048828125 25.924999237060546875 25.951999664306640625 25.992000579833984375 26.006999969482421875 26.002000808715820312 26.087999343872070312 25.312000274658203125 22.7350006103515625 22.423999786376953125 22.233999252319335938 22.052000045776367188 21.884000778198242188 21.952999114990234375 22.187000274658203125 22.045000076293945312 21.996999740600585938 21.968999862670898438 21.906000137329101562 21.253000259399414062 18.41699981689453125 17.410999298095703125 16.927000045776367188 16.743000030517578125 16.649999618530273438 16.482000350952148438 16.30500030517578125 16.128999710083007812 16.011999130249023438 16.117000579833984375 16.059000015258789062 15.885999679565429688 15.704000473022460938 15.520000457763671875 15.324000358581542969 15.194000244140625 15.470000267028808594 16.121999740600585938 17.577999114990234375 20.08300018310546875
26.231000900268554688 26.155000686645507812 25.989000320434570312 25.95999908447265625 26.00099945068359375 26.011999130249023438 26.003000259399414062 26.079000473022460938 25.645999908447265625 22.801000595092773438 22.350000381469726562 22.15399932861328125 21.957000732421875 21.780000686645507812 21.799999237060546875 22.25099945068359375 22.205999374389648438 22.13899993896484375 22.11199951171875 22.066999435424804688 21.684999465942382812 18.770000457763671875 17.672000885009765625 17.061000823974609375 16.767000198364257812 16.690999984741210938 16.524999618530273438 16.350999832153320312 16.174999237060546875 16.01399993896484375 16.090999603271484375 16.100000381469726562 15.932000160217285156 15.758000373840332031 15.579999923706054688 15.390000343322753906 15.20800018310546875 15.451999664306640625 16.3600006103515625 17.107000350952148438 19.504999160766601562
60.134998321533203125 60.102001190185546875 26.106000900268554688 25.975999832153320312 26.006999969482421875 26.034000396728515625 26.02700042724609375 26.061000823974609375 26.187999725341796875 23.385999679565429688 22.287000656127929688 22.062999725341796875 21.868999481201171875 21.684000015258789062 21.613000869750976562 22.309000015258789062 22.363000869750976562 22.27700042724609375 22.253000259399414062 22.212999343872070312 22.173000335693359375 19.292999267578125 17.81800079345703125 17.216999053955078125 16.808000564575195312 16.715000152587890625 16.565000534057617188 16.392999649047851562 16.218999862670898438 16.048000335693359375 16.0839996337890625 16.135999679565429688 15.984999656677246094 15.803999900817871094 15.623999595642089844 15.442999839782714844 15.244999885559082031 15.343000411987304688 16.502000808715820312 17.020999908447265625 19.322000503540039062
60.176998138427734375 60.1399993896484375 26.149999618530273438 26.011999130249023438 26.035999298095703125 26.059000015258789062 26.038999557495117188 26.035999298095703125 26.18000030517578125 24.243000030517578125 22.20999908447265625 21.9850006103515625 21.77899932861328125 21.582000732421875 21.4850006103515625 22.322000503540039062 22.517999649047851562 22.4160003662109375 22.3899993896484375 22.354999542236328125 22.312999725341796875 20.337999343872070312 17.812999725341796875 17.274999618530273438 16.857000350952148438 16.738000869750976562 16.614000320434570312 16.440000534057617188 16.27700042724609375 16.09799957275390625 16.0410003662109375 16.149999618530273438 16.031999588012695312 15.859000205993652344 15.677000045776367188 15.503999710083007812 15.312000274658203125 15.256999969482421875 16.017000198364257812 16.631000518798828125 18.395000457763671875
