input/fundem-1m-small.asc
ncols        168
nrows        100
xllcorner    524330.000000000000
yllcorner    5041202.000000000000
cellsize     1.000000000000
NODATA_value  -3.4028234663852885981e+38
[rows 54 to 71 of 100, columns 120 to 159 of 168]
21.072000503540039062 20.184000015258789062 18.59600067138671875 17.697999954223632812 17.405000686645507812 17.135999679565429688 16.926000595092773438 16.783000946044921875 16.716999053955078125 16.670999526977539062 16.649000167846679688 16.552999496459960938 16.468000411987304688 16.379999160766601562 16.295999526977539062 16.202999114990234375 16.104999542236328125 16.018999099731445312 15.94499969482421875 15.989000320434570312 16.076999664306640625 16.114000320434570312 16.04199981689453125 15.956000328063964844 15.866000175476074219 15.782999992370605469 15.689000129699707031 15.581999778747558594 15.487999916076660156 15.401000022888183594 15.295999526977539062 15.204999923706054688 15.116999626159667969 15.189999580383300781 15.326000213623046875 15.51399993896484375 15.739999771118164062 15.970000267028808594 16.948999404907226562 18.794000625610351562
21.1790008544921875 20.371000289916992188 18.676000595092773438 17.756999969482421875 17.537000656127929688 17.260000228881835938 16.990999221801757812 16.80500030517578125 16.72299957275390625 16.684999465942382812 16.6660003662109375 16.572000503540039062 16.489000320434570312 16.392999649047851562 16.315999984741210938 16.225999832153320312 16.131000518798828125 16.042999267578125 15.956999778747558594 15.961000442504882812 16.031999588012695312 16.100999832153320312 16.066999435424804688 15.970999717712402344 15.883999824523925781 15.80500030517578125 15.713999748229980469 15.616000175476074219 15.520000457763671875 15.425999641418457031 15.321999549865722656 15.22299957275390625 15.133000373840332031 15.170000076293945312 15.284000396728515625 15.44499969482421875 15.696000099182128906 15.993000030517578125 17.294000625610351562 19.086000442504882812
21.283000946044921875 20.489999771118164062 18.663999557495117188 17.780000686645507812 17.680999755859375 17.385999679565429688 17.082000732421875 16.843999862670898438 16.733999252319335938 16.697999954223632812 16.66500091552734375 16.59600067138671875 16.51399993896484375 16.412000656127929688 16.340999603271484375 16.24900054931640625 16.15399932861328125 16.063999176025390625 15.975999832153320312 15.95800018310546875 16.031999588012695312 16.117000579833984375 16.090999603271484375 15.98600006103515625 15.906000137329101562 15.824999809265136719 15.732000350952148438 15.633000373840332031 15.534999847412109375 15.440999984741210938 15.352000236511230469 15.244000434875488281 15.145999908447265625 15.147999763488769531 15.246000289916992188 15.439999580383300781 15.739000320434570312 16.326000213623046875 17.927000045776367188 19.308000564575195312
21.364999771118164062 20.924999237060546875 19.048999786376953125 17.93199920654296875 17.760999679565429688 17.469999313354492188 17.160999298095703125 16.878000259399414062 16.745000839233398438 16.701999664306640625 16.673999786376953125 16.622999191284179688 16.538999557495117188 16.437999725341796875 16.357999801635742188 16.274000167846679688 16.180999755859375 16.090000152587890625 16.00099945068359375 15.95800018310546875 16.035999298095703125 16.145999908447265625 16.106000900268554688 15.994000434875488281 15.923999786376953125 15.843999862670898438 15.748999595642089844 15.654999732971191406 15.564000129699707031 15.465000152587890625 15.376999855041503906 15.284000396728515625 15.178999900817871094 15.125 15.230999946594238281 15.432999610900878906 15.776000022888183594 16.385999679565429688 17.256000518798828125 18.766000747680664062
21.44300079345703125 21.3899993896484375 19.927999496459960938 18.549999237060546875 17.83300018310546875 17.549999237060546875 17.23699951171875 16.934999465942382812 16.7779998779296875 16.72299957275390625 16.69300079345703125 16.650999069213867188 16.558000564575195312 16.465999603271484375 16.379999160766601562 16.302000045776367188 16.20800018310546875 16.1100006103515625 16.017999649047851562 15.968999862670898438 16.035999298095703125 16.12599945068359375 16.129999160766601562 16.035999298095703125 15.963999748229980469 15.864999771118164062 15.77700042724609375 15.684000015258789062 15.588999748229980469 15.505999565124511719 15.404999732971191406 15.295000076293945312 15.206000328063964844 15.125 15.22299957275390625 15.414999961853027344 15.765000343322753906 16.134000778198242188 16.565000534057617188 18.05699920654296875
21.510999679565429688 21.5 20.391000747680664062 18.65200042724609375 17.886999130249023438 17.6100006103515625 17.308000564575195312 17.006000518798828125 16.812999725341796875 16.739000320434570312 16.707000732421875 16.669000625610351562 16.579000473022460938 16.496999740600585938 16.4029998779296875 16.326000213623046875 16.2350006103515625 16.13899993896484375 16.05500030517578125 15.977999687194824219 15.987999916076660156 16.0709991455078125 16.16500091552734375 16.052999496459960938 15.980999946594238281 15.890000343322753906 15.800000190734863281 15.704000473022460938 15.619000434875488281 15.529000282287597656 15.43000030517578125 15.336999893188476562 15.234000205993652344 15.137999534606933594 15.206000328063964844 15.38899993896484375 15.729999542236328125 16.122999191284179688 16.534999847412109375 17.469999313354492188
21.589000701904296875 21.572999954223632812 20.54199981689453125 18.79199981689453125 17.926000595092773438 17.667999267578125 17.382999420166015625 17.076999664306640625 16.844999313354492188 16.743000030517578125 16.712999343872070312 16.686000823974609375 16.604000091552734375 16.509000778198242188 16.41699981689453125 16.341999053955078125 16.256000518798828125 16.156999588012695312 16.062999725341796875 15.987999916076660156 15.987999916076660156 16.072000503540039062 16.187000274658203125 16.077999114990234375 16.00099945068359375 15.913000106811523438 15.826999664306640625 15.732000350952148438 15.637999534606933594 15.550999641418457031 15.446999549865722656 15.364000320434570312 15.248000144958496094 15.149999618530273438 15.173999786376953125 15.336999893188476562 15.654000282287597656 16.051000595092773438 16.399999618530273438 16.850000381469726562
21.663999557495117188 21.6399993896484375 20.794000625610351562 19.162000656127929688 18.170000076293945312 17.841999053955078125 17.476999282836914062 17.131000518798828125 16.878000259399414062 16.754999160766601562 16.719999313354492188 16.688999176025390625 16.618999481201171875 16.525999069213867188 16.436000823974609375 16.36100006103515625 16.268999099731445312 16.173000335693359375 16.082000732421875 16.010000228881835938 15.998000144958496094 16.0709991455078125 16.159999847412109375 16.091999053955078125 16.016000747680664062 15.934000015258789062 15.842000007629394531 15.762000083923339844 15.6660003662109375 15.576000213623046875 15.477000236511230469 15.390000343322753906 15.270000457763671875 15.180999755859375 15.149999618530273438 15.293999671936035156 15.55500030517578125 15.911999702453613281 16.225000381469726562 16.523000717163085938
21.746999740600585938 21.716999053955078125 21.2649993896484375 19.729999542236328125 18.399000167846679688 17.865999221801757812 17.48600006103515625 17.159000396728515625 16.906999588012695312 16.773000717163085938 16.726999282836914062 16.704000473022460938 16.649999618530273438 16.545000076293945312 16.457000732421875 16.381000518798828125 16.295999526977539062 16.200000762939453125 16.114000320434570312 16.0279998779296875 16.002000808715820312 16.0540008544921875 16.128000259399414062 16.106000900268554688 16.020000457763671875 15.953000068664550781 15.86100006103515625 15.77700042724609375 15.692000389099121094 15.595999717712402344 15.494000434875488281 15.409999847412109375 15.298999786376953125 15.204999923706054688 15.13899993896484375 15.267000198364257812 15.475000381469726562 15.762999534606933594 16.058000564575195312 16.3339996337890625
21.81999969482421875 21.79199981689453125 21.69499969482421875 20.204000473022460938 18.579000473022460938 17.840000152587890625 17.454000473022460938 17.1790008544921875 16.93000030517578125 16.784999847412109375 16.743000030517578125 16.707000732421875 16.663999557495117188 16.562999725341796875 16.482999801635742188 16.408000946044921875 16.312000274658203125 16.225000381469726562 16.135999679565429688 16.045999526977539062 15.989999771118164062 16.035999298095703125 16.13899993896484375 16.141000747680664062 16.045000076293945312 15.980999946594238281 15.880999565124511719 15.793000221252441406 15.720000267028808594 15.618000030517578125 15.517999649047851562 15.430999755859375 15.322999954223632812 15.239000320434570312 15.140000343322753906 15.241999626159667969 15.439000129699707031 15.692999839782714844 15.939000129699707031 16.173999786376953125
21.87400054931640625 21.853000640869140625 21.841999053955078125 20.52899932861328125 18.819000244140625 17.881999969482421875 17.496000289916992188 17.204000473022460938 16.98699951171875 16.81999969482421875 16.753000259399414062 16.725000381469726562 16.677000045776367188 16.600999832153320312 16.510999679565429688 16.4290008544921875 16.337999343872070312 16.25 16.16699981689453125 16.06999969482421875 15.994999885559082031 16.033000946044921875 16.129999160766601562 16.136999130249023438 16.086999893188476562 16.010000228881835938 15.9160003662109375 15.824000358581542969 15.741999626159667969 15.644000053405761719 15.557999610900878906 15.463000297546386719 15.355999946594238281 15.260000228881835938 15.154999732971191406 15.220999717712402344 15.36100006103515625 15.623000144958496094 15.918000221252441406 16.2910003662109375
21.961000442504882812 21.934999465942382812 21.927000045776367188 20.714000701904296875 18.98600006103515625 17.982000350952148438 17.62599945068359375 17.316999435424804688 17.048999786376953125 16.850000381469726562 16.759000778198242188 16.733999252319335938 16.69300079345703125 16.629999160766601562 16.531000137329101562 16.457000732421875 16.36199951171875 16.270000457763671875 16.184000015258789062 16.093999862670898438 16.004999160766601562 16.0149993896484375 16.080999374389648438 16.120000839233398438 16.114000320434570312 16.025999069213867188 15.946000099182128906 15.857000350952148438 15.762999534606933594 15.668000221252441406 15.579999923706054688 15.479999542236328125 15.381999969482421875 15.298000335693359375 15.19499969482421875 15.206000328063964844 15.326000213623046875 15.567999839782714844 15.947999954223632812 16.329000473022460938
22.04000091552734375 22.023000717163085938 21.99900054931640625 20.965999603271484375 19.159000396728515625 18.089000701904296875 17.760000228881835938 17.454999923706054688 17.146999359130859375 16.893999099731445312 16.77700042724609375 16.743000030517578125 16.714000701904296875 16.649999618530273438 16.549999237060546875 16.478000640869140625 16.385000228881835938 16.298000335693359375 16.20999908447265625 16.118999481201171875 16.02700042724609375 15.994999885559082031 16.045999526977539062 16.12599945068359375 16.135999679565429688 16.047000885009765625 15.95800018310546875 15.885999679565429688 15.79199981689453125 15.701999664306640625 15.61100006103515625 15.520999908447265625 15.421999931335449219 15.321000099182128906 15.213999748229980469 15.189000129699707031 15.302000045776367188 15.586999893188476562 16.031999588012695312 16.461999893188476562
22.113000869750976562 22.090000152587890625 22.06999969482421875 21.705999374389648438 19.770999908447265625 18.062000274658203125 17.881000518798828125 17.590000152587890625 17.256999969482421875 16.9459991455078125 16.798000335693359375 16.75099945068359375 16.725999832153320312 16.673999786376953125 16.576999664306640625 16.493000030517578125 16.400999069213867188 16.3209991455078125 16.229000091552734375 16.142999649047851562 16.048999786376953125 15.982999801635742188 16.038999557495117188 16.150999069213867188 16.142999649047851562 16.072999954223632812 15.977000236511230469 15.904999732971191406 15.814999580383300781 15.72299957275390625 15.637000083923339844 15.550999641418457031 15.45800018310546875 15.359000205993652344 15.260000228881835938 15.170000076293945312 15.281000137329101562 15.635999679565429688 16.266000747680664062 16.68000030517578125
22.187999725341796875 22.163000106811523438 22.149000167846679688 22.128999710083007812 20.079000473022460938 18.082000732421875 17.913000106811523438 17.719999313354492188 17.393999099731445312 17.018999099731445312 16.827999114990234375 16.760999679565429688 16.728000640869140625 16.6959991455078125 16.59600067138671875 16.51399993896484375 16.424999237060546875 16.343999862670898438 16.247999191284179688 16.170000076293945312 16.075000762939453125 15.998999595642089844 16.047000885009765625 16.163999557495117188 16.170000076293945312 16.100999832153320312 16.006999969482421875 15.930999755859375 15.8339996337890625 15.751000404357910156 15.654999732971191406 15.574000358581542969 15.484000205993652344 15.383999824523925781 15.27700042724609375 15.178000450134277344 15.260999679565429688 15.479000091552734375 16.313999176025390625 16.825000762939453125
22.256999969482421875 22.245000839233398438 22.22100067138671875 22.190999984741210938 20.479999542236328125 18.530000686645507812 17.917999267578125 17.719999313354492188 17.392999649047851562 17.061000823974609375 16.870000839233398438 16.771999359130859375 16.733999252319335938 16.702999114990234375 16.61100006103515625 16.54000091552734375 16.437999725341796875 16.364999771118164062 16.270999908447265625 16.187999725341796875 16.0970001220703125 16.021999359130859375 16.031999588012695312 16.093000411987304688 16.142999649047851562 16.128999710083007812 16.048000335693359375 15.954999923706054688 15.859000205993652344 15.770000457763671875 15.678999900817871094 15.588999748229980469 15.494999885559082031 15.409999847412109375 15.312999725341796875 15.211999893188476562 15.229000091552734375 15.401000022888183594 16.079999923706054688 16.788000106811523438
22.3339996337890625 22.30699920654296875 22.284999847412109375 22.266000747680664062 21.035999298095703125 19.114999771118164062 17.930999755859375 17.658000946044921875 17.368999481201171875 17.11100006103515625 16.899999618530273438 16.785999298095703125 16.747999191284179688 16.718999862670898438 16.645000457763671875 16.562999725341796875 16.461000442504882812 16.38800048828125 16.30500030517578125 16.218000411987304688 16.118999481201171875 16.045000076293945312 16.018999099731445312 16.063999176025390625 16.1399993896484375 16.13800048828125 16.065000534057617188 15.979999542236328125 15.890999794006347656 15.798000335693359375 15.703000068664550781 15.618000030517578125 15.531000137329101562 15.44499969482421875 15.352000236511230469 15.246999740600585938 15.199999809265136719 15.33300018310546875 15.819000244140625 16.364999771118164062
22.4029998779296875 22.377000808715820312 22.356000900268554688 22.343000411987304688 21.643999099731445312 19.555999755859375 17.969999313354492188 17.690999984741210938 17.434999465942382812 17.184999465942382812 16.941999435424804688 16.799999237060546875 16.756000518798828125 16.726999282836914062 16.670999526977539062 16.576000213623046875 16.48699951171875 16.422000885009765625 16.3339996337890625 16.24900054931640625 16.159999847412109375 16.069000244140625 16.017999649047851562 16.062000274658203125 16.156000137329101562 16.16699981689453125 16.076999664306640625 16.006999969482421875 15.91699981689453125 15.828000068664550781 15.73600006103515625 15.649000167846679688 15.562999725341796875 15.477000236511230469 15.376999855041503906 15.272999763488769531 15.196999549865722656 15.298000335693359375 15.612000465393066406 16.270000457763671875
