input/fundem-1m-small.asc
ncols        168
nrows        100
xllcorner    524330.000000000000
yllcorner    5041202.000000000000
cellsize     1.000000000000
NODATA_value  -3.4028234663852885981e+38
[rows 72 to 89 of 100, columns 40 to 79 of 168]
27.7910003662109375 27.768999099731445312 27.7350006103515625 27.7220001220703125 27.680999755859375 27.635000228881835938 27.607999801635742188 27.606000900268554688 27.586999893188476562 27.582000732421875 27.558000564575195312 27.537000656127929688 27.48600006103515625 27.468999862670898438 27.51300048828125 27.496999740600585938 27.464000701904296875 27.43000030517578125 27.427999496459960938 27.422000885009765625 27.385999679565429688 27.341999053955078125 27.322999954223632812 27.343000411987304688 27.315999984741210938 27.257999420166015625 61.051998138427734375 60.964000701904296875 60.910999298095703125 60.8639984130859375 60.7949981689453125 60.72299957275390625 60.65000152587890625 60.5800018310546875 60.51399993896484375 60.45800018310546875 60.404998779296875 60.351001739501953125 60.298999786376953125 60.26300048828125
27.781000137329101562 27.770999908447265625 27.73699951171875 27.718999862670898438 27.68199920654296875 27.646999359130859375 27.613000869750976562 27.59799957275390625 27.586999893188476562 27.575000762939453125 27.5410003662109375 27.5279998779296875 27.479000091552734375 27.4459991455078125 27.476999282836914062 27.468999862670898438 27.448999404907226562 27.40200042724609375 27.378999710083007812 27.379999160766601562 27.336999893188476562 27.302000045776367188 27.27899932861328125 27.326000213623046875 27.298999786376953125 27.26399993896484375 61.06800079345703125 61 60.939998626708984375 60.865001678466796875 60.79199981689453125 60.720001220703125 60.645999908447265625 60.588001251220703125 60.534999847412109375 60.479999542236328125 60.426998138427734375 60.3730010986328125 60.319000244140625 60.269001007080078125
27.80699920654296875 27.7779998779296875 27.747999191284179688 27.7089996337890625 27.677999496459960938 27.646999359130859375 27.613000869750976562 27.5970001220703125 27.5839996337890625 27.573999404907226562 27.5410003662109375 27.516000747680664062 27.496000289916992188 27.482000350952148438 27.465000152587890625 27.4589996337890625 27.450000762939453125 27.4029998779296875 27.370000839233398438 27.370000839233398438 27.351999282836914062 27.30500030517578125 27.3040008544921875 27.31999969482421875 27.281000137329101562 27.26300048828125 61.09400177001953125 61.018001556396484375 60.936000823974609375 60.86199951171875 60.7910003662109375 60.72100067138671875 60.6660003662109375 60.6100006103515625 60.55699920654296875 60.5019989013671875 60.449001312255859375 60.395000457763671875 60.340000152587890625 60.287998199462890625
27.792999267578125 27.76399993896484375 27.738000869750976562 27.698999404907226562 27.670999526977539062 27.645999908447265625 27.6100006103515625 27.59600067138671875 27.576000213623046875 27.559999465942382812 27.524999618530273438 27.51399993896484375 27.503999710083007812 27.483999252319335938 27.464000701904296875 27.4589996337890625 27.447999954223632812 27.4160003662109375 27.393999099731445312 27.38899993896484375 27.378999710083007812 27.336000442504882812 27.340000152587890625 27.322999954223632812 27.284999847412109375 27.268999099731445312 61.09799957275390625 61.006999969482421875 60.9329986572265625 60.8600006103515625 60.7949981689453125 60.740001678466796875 60.687000274658203125 60.631999969482421875 60.578998565673828125 60.5260009765625 60.470001220703125 60.41699981689453125 60.36199951171875 60.30899810791015625
27.743000030517578125 27.712999343872070312 27.69499969482421875 27.669000625610351562 27.663999557495117188 27.649999618530273438 27.607999801635742188 27.582000732421875 27.56800079345703125 27.549999237060546875 27.520000457763671875 27.510999679565429688 27.495000839233398438 27.475000381469726562 27.4589996337890625 27.4459991455078125 27.426000595092773438 27.393999099731445312 27.371999740600585938 27.364999771118164062 27.36199951171875 27.351999282836914062 27.326000213623046875 27.302000045776367188 27.274000167846679688 27.246999740600585938 61.076000213623046875 61.00099945068359375 60.93199920654296875 60.870998382568359375 60.814998626708984375 60.76200103759765625 60.7089996337890625 60.6529998779296875 60.59999847412109375 60.547000885009765625 60.492000579833984375 60.438999176025390625 60.384998321533203125 60.33100128173828125
27.753000259399414062 27.701000213623046875 27.756000518798828125 27.742000579833984375 27.686000823974609375 27.658000946044921875 27.606000900268554688 27.579000473022460938 27.559999465942382812 27.531999588012695312 27.511999130249023438 27.50099945068359375 27.476999282836914062 27.476999282836914062 27.452999114990234375 27.437000274658203125 27.413000106811523438 27.385999679565429688 27.356000900268554688 27.34600067138671875 27.354000091552734375 27.349000930786132812 27.319000244140625 27.29199981689453125 27.281000137329101562 27.256000518798828125 61.07199859619140625 61.0019989013671875 60.9459991455078125 60.891998291015625 60.837001800537109375 60.783000946044921875 60.730998992919921875 60.674999237060546875 60.62200164794921875 60.569000244140625 60.51399993896484375 60.46099853515625 60.407001495361328125 60.352001190185546875
27.795999526977539062 27.731000900268554688 27.767999649047851562 27.743999481201171875 27.702999114990234375 27.66500091552734375 27.614000320434570312 27.590000152587890625 27.555999755859375 27.523000717163085938 27.509000778198242188 27.49900054931640625 27.478000640869140625 27.448999404907226562 27.438999176025390625 27.423999786376953125 27.4029998779296875 27.378000259399414062 27.363000869750976562 27.343999862670898438 27.340000152587890625 27.329000473022460938 27.315000534057617188 27.292999267578125 27.284000396728515625 27.24900054931640625 61.076000213623046875 61.020999908447265625 60.965999603271484375 60.912998199462890625 60.85900115966796875 60.80500030517578125 60.7519989013671875 60.69699859619140625 60.644001007080078125 60.590999603271484375 60.534999847412109375 60.483001708984375 60.4290008544921875 60.37400054931640625
27.836999893188476562 27.808000564575195312 27.79199981689453125 27.760999679565429688 27.725000381469726562 27.683000564575195312 27.629999160766601562 27.59600067138671875 27.562000274658203125 27.524000167846679688 27.49900054931640625 27.490999221801757812 27.469999313354492188 27.444000244140625 27.436000823974609375 27.412000656127929688 27.393999099731445312 27.371000289916992188 27.357000350952148438 27.33300018310546875 27.31800079345703125 27.31800079345703125 27.298999786376953125 27.29000091552734375 27.284000396728515625 27.256999969482421875 61.090999603271484375 61.037998199462890625 60.983001708984375 60.93000030517578125 60.87599945068359375 60.82199859619140625 60.769001007080078125 60.715000152587890625 60.661998748779296875 60.60900115966796875 60.55500030517578125 60.5019989013671875 60.449001312255859375 60.395999908447265625
27.851999282836914062 27.829999923706054688 27.802999496459960938 27.7779998779296875 27.7350006103515625 27.701999664306640625 27.65200042724609375 27.617000579833984375 27.576000213623046875 27.530000686645507812 27.503999710083007812 27.496000289916992188 27.4720001220703125 27.461999893188476562 27.451999664306640625 27.436000823974609375 27.417999267578125 27.384000778198242188 27.364000320434570312 27.343999862670898438 27.326000213623046875 27.3209991455078125 27.3040008544921875 27.288000106811523438 27.288999557495117188 27.2649993896484375 61.09999847412109375 61.047000885009765625 60.993000030517578125 60.939998626708984375 60.88700103759765625 60.8339996337890625 60.78099822998046875 60.728000640869140625 60.673000335693359375 60.618999481201171875 60.56600189208984375 60.51300048828125 60.45999908447265625 60.40599822998046875
27.851999282836914062 27.8040008544921875 27.788999557495117188 27.770999908447265625 27.753999710083007812 27.725999832153320312 27.674999237060546875 27.645000457763671875 27.5970001220703125 27.558000564575195312 27.535999298095703125 27.51300048828125 27.496000289916992188 27.482999801635742188 27.457000732421875 27.440000534057617188 27.423000335693359375 27.40399932861328125 27.379999160766601562 27.350999832153320312 27.33300018310546875 27.327999114990234375 27.315999984741210938 27.301000595092773438 27.29199981689453125 27.27700042724609375 61.11199951171875 61.060001373291015625 61.006000518798828125 60.953998565673828125 60.90200042724609375 60.8489990234375 60.798000335693359375 60.745998382568359375 60.69300079345703125 60.641998291015625 60.590000152587890625 60.536998748779296875 60.48600006103515625 60.435001373291015625
27.8600006103515625 27.79000091552734375 27.784999847412109375 27.767999649047851562 27.760000228881835938 27.740999221801757812 27.688999176025390625 27.656000137329101562 27.617000579833984375 27.582000732421875 27.558000564575195312 27.535999298095703125 27.518999099731445312 27.50099945068359375 27.474000930786132812 27.461000442504882812 27.441999435424804688 27.419000625610351562 27.393999099731445312 27.368999481201171875 27.34600067138671875 27.33499908447265625 27.322000503540039062 27.309000015258789062 27.2910003662109375 27.284000396728515625 61.12799835205078125 61.076000213623046875 61.022998809814453125 60.97100067138671875 60.917999267578125 60.865001678466796875 60.812999725341796875 60.759998321533203125 60.707000732421875 60.65399932861328125 60.601001739501953125 60.548000335693359375 60.494998931884765625 60.44100189208984375
27.8600006103515625 27.795000076293945312 27.813999176025390625 27.802999496459960938 27.798999786376953125 27.756000518798828125 27.707000732421875 27.674999237060546875 27.642000198364257812 27.608999252319335938 27.58300018310546875 27.55699920654296875 27.535999298095703125 27.5149993896484375 27.50099945068359375 27.469999313354492188 27.455999374389648438 27.437999725341796875 27.41699981689453125 27.392999649047851562 27.371000289916992188 27.354999542236328125 27.332000732421875 27.315999984741210938 27.298000335693359375 27.287000656127929688 61.133998870849609375 61.08100128173828125 61.0279998779296875 60.9739990234375 60.921001434326171875 60.867000579833984375 60.813999176025390625 60.759998321533203125 60.707000732421875 60.65399932861328125 60.59999847412109375 60.54399871826171875 60.490001678466796875 60.437000274658203125
27.899999618530273438 27.878000259399414062 27.87599945068359375 27.865999221801757812 27.80699920654296875 27.773000717163085938 27.739999771118164062 27.705999374389648438 27.6660003662109375 27.631000518798828125 27.61100006103515625 27.586000442504882812 27.565999984741210938 27.547000885009765625 27.524000167846679688 27.497999191284179688 27.482000350952148438 27.464000701904296875 27.4459991455078125 27.420999526977539062 27.395999908447265625 27.368999481201171875 27.343999862670898438 27.326000213623046875 27.312999725341796875 27.281999588012695312 61.132999420166015625 61.078998565673828125 61.0260009765625 60.9720001220703125 60.91899871826171875 60.866001129150390625 60.812000274658203125 60.756999969482421875 60.701999664306640625 60.647998809814453125 60.595001220703125 60.5410003662109375 60.48699951171875 60.4329986572265625
27.9290008544921875 27.909999847412109375 27.886999130249023438 27.86100006103515625 27.829000473022460938 27.797000885009765625 27.756999969482421875 27.718999862670898438 27.684999465942382812 27.656000137329101562 27.6399993896484375 27.61199951171875 27.5839996337890625 27.566999435424804688 27.542999267578125 27.5279998779296875 27.503999710083007812 27.47299957275390625 27.457000732421875 27.438999176025390625 27.405000686645507812 27.372999191284179688 27.350999832153320312 27.31999969482421875 27.31800079345703125 27.285999298095703125 61.131000518798828125 61.075000762939453125 61.020999908447265625 60.967998504638671875 60.912998199462890625 60.856998443603515625 60.8040008544921875 60.75 60.6959991455078125 60.6399993896484375 60.58599853515625 60.533000946044921875 60.481998443603515625 60.430999755859375
27.936000823974609375 27.91699981689453125 27.899999618530273438 27.877000808715820312 27.844999313354492188 27.81999969482421875 27.774000167846679688 27.732000350952148438 27.7089996337890625 27.68199920654296875 27.662000656127929688 27.631999969482421875 27.600000381469726562 27.582000732421875 27.559999465942382812 27.5410003662109375 27.516000747680664062 27.48600006103515625 27.468000411987304688 27.451000213623046875 27.41699981689453125 27.385999679565429688 27.364000320434570312 27.33499908447265625 27.312000274658203125 27.268999099731445312 61.118999481201171875 61.0670013427734375 61.009998321533203125 60.95600128173828125 60.90200042724609375 60.8489990234375 60.79399871826171875 60.7389984130859375 60.687000274658203125 60.63700103759765625 60.587001800537109375 60.537998199462890625 60.494998931884765625 60.451999664306640625
27.957000732421875 27.938999176025390625 27.91500091552734375 27.892000198364257812 27.864000320434570312 27.837999343872070312 27.794000625610351562 27.753999710083007812 27.732999801635742188 27.704000473022460938 27.6790008544921875 27.65399932861328125 27.615999221801757812 27.590999603271484375 27.566999435424804688 27.542999267578125 27.521999359130859375 27.50099945068359375 27.483999252319335938 27.455999374389648438 27.434999465942382812 27.399000167846679688 27.368999481201171875 27.340999603271484375 27.322000503540039062 27.288999557495117188 61.10900115966796875 61.05500030517578125 61.00099945068359375 60.94699859619140625 60.893001556396484375 60.841999053955078125 60.79199981689453125 60.743000030517578125 60.699001312255859375 60.65599822998046875 60.61199951171875 60.56800079345703125 60.523998260498046875 60.478000640869140625
27.976999282836914062 27.962999343872070312 27.937999725341796875 27.912000656127929688 27.878999710083007812 27.84600067138671875 27.80699920654296875 27.770000457763671875 27.746999740600585938 27.718999862670898438 27.694000244140625 27.670999526977539062 27.635000228881835938 27.601999282836914062 27.576999664306640625 27.555999755859375 27.5149993896484375 27.503999710083007812 27.48600006103515625 27.454999923706054688 27.43199920654296875 27.406000137329101562 27.382999420166015625 27.353000640869140625 27.319000244140625 27.301000595092773438 61.103000640869140625 61.048000335693359375 60.99700164794921875 60.9459991455078125 60.9010009765625 60.856998443603515625 60.813999176025390625 60.769001007080078125 60.7239990234375 60.67800140380859375 60.631999969482421875 60.58499908447265625 60.53900146484375 60.492000579833984375
27.993999481201171875 27.975000381469726562 27.951999664306640625 27.93199920654296875 27.886999130249023438 27.8470001220703125 27.812000274658203125 27.7779998779296875 27.7649993896484375 27.73699951171875 27.70999908447265625 27.686000823974609375 27.655000686645507812 27.627000808715820312 27.603000640869140625 27.576999664306640625 27.537000656127929688 27.5279998779296875 27.516000747680664062 27.482999801635742188 27.45999908447265625 27.433000564575195312 27.400999069213867188 27.364999771118164062 27.329999923706054688 27.309000015258789062 61.11299896240234375 61.062000274658203125 61.0149993896484375 60.96900177001953125 60.923000335693359375 60.87599945068359375 60.828998565673828125 60.78099822998046875 60.73400115966796875 60.687000274658203125 60.6399993896484375 60.592998504638671875 60.5449981689453125 60.4980010986328125
