input/fundem-2m-small.asc
ncols        84
nrows        50
xllcorner    524330.000000000000
yllcorner    5041202.000000000000
cellsize     2.000000000000
NODATA_value  -3.4028234663852885981e+38
[rows 0 to 17 of 50, columns 0 to 40 of 84]
29.180999755859375 27.476999282836914062 26.941999435424804688 26.856000900268554688 26.809000015258789062 26.81800079345703125 26.795000076293945312 26.718999862670898438 26.565999984741210938 26.5970001220703125 26.674999237060546875 26.69300079345703125 51.703998565673828125 51.727001190185546875 51.731998443603515625 51.7350006103515625 51.73699951171875 51.741001129150390625 26.73600006103515625 39.161998748779296875 51.659000396728515625 51.644001007080078125 51.604000091552734375 51.54199981689453125 51.481998443603515625 38.9029998779296875 26.261999130249023438 26.077999114990234375 65.13800048828125 65.01200103759765625 64.8860015869140625 64.7570037841796875 64.62400054931640625 64.49900054931640625 64.4810028076171875 64.39099884033203125 64.31400299072265625 64.26999664306640625 64.3040008544921875 44.75299835205078125 25.183000564575195312
29.533000946044921875 27.822000503540039062 27.045000076293945312 26.90200042724609375 26.843999862670898438 26.870000839233398438 26.843000411987304688 26.767000198364257812 26.580999374389648438 26.65200042724609375 26.7220001220703125 26.66699981689453125 51.661998748779296875 51.713001251220703125 51.758998870849609375 51.782001495361328125 51.784999847412109375 51.78900146484375 26.794000625610351562 39.268001556396484375 51.743999481201171875 51.745998382568359375 51.757999420166015625 51.770999908447265625 51.771999359130859375 39.23799896240234375 26.5149993896484375 26.30699920654296875 65.36299896240234375 65.1999969482421875 65.03800201416015625 64.87200164794921875 64.70099639892578125 64.52700042724609375 64.49500274658203125 64.42099761962890625 64.34999847412109375 64.31099700927734375 64.339996337890625 44.792999267578125 25.211999893188476562
29.780000686645507812 28.297000885009765625 27.1529998779296875 26.968000411987304688 26.88800048828125 26.922000885009765625 26.896999359130859375 26.81800079345703125 26.691999435424804688 26.715000152587890625 26.770999908447265625 26.613000869750976562 51.61100006103515625 51.66699981689453125 51.720001220703125 51.772998809814453125 51.81600189208984375 51.837001800537109375 26.850999832153320312 39.328998565673828125 51.8339996337890625 51.8209991455078125 51.819000244140625 51.83599853515625 51.90000152587890625 39.470001220703125 26.72100067138671875 26.40399932861328125 65.41500091552734375 65.24500274658203125 65.07599639892578125 64.90799713134765625 64.7389984130859375 64.56999969482421875 64.5110015869140625 64.45200347900390625 64.384002685546875 64.3509979248046875 64.3679962158203125 44.83499908447265625 25.284000396728515625
29.827999114990234375 28.381999969482421875 27.186000823974609375 27.052000045776367188 26.9589996337890625 26.976999282836914062 26.964000701904296875 26.881999969482421875 26.738000869750976562 26.770000457763671875 26.830999374389648438 45.4550018310546875 51.71099853515625 51.76200103759765625 51.8079986572265625 51.854000091552734375 51.90399932861328125 51.94699859619140625 26.906999588012695312 39.422000885009765625 51.90599822998046875 51.91500091552734375 51.894001007080078125 51.964000701904296875 52.063999176025390625 39.641998291015625 26.917999267578125 26.510000228881835938 65.46900177001953125 65.2949981689453125 65.1230010986328125 64.9499969482421875 64.77899932861328125 64.6100006103515625 64.522003173828125 64.4739990234375 64.4199981689453125 64.3939971923828125 44.813999176025390625 25.284000396728515625 25.31800079345703125
29.809999465942382812 28.066999435424804688 27.136999130249023438 27.135000228881835938 27.006999969482421875 27.033000946044921875 27.003999710083007812 26.940000534057617188 26.809000015258789062 26.822999954223632812 26.892000198364257812 51.813999176025390625 51.798000335693359375 51.926998138427734375 51.991001129150390625 52.0410003662109375 52.185001373291015625 52.1230010986328125 26.961999893188476562 27.045999526977539062 27 27.004999160766601562 27.006999969482421875 27.047000885009765625 27.13899993896484375 27.22100067138671875 27.035999298095703125 26.552999496459960938 65.509002685546875 65.33300018310546875 65.15799713134765625 64.98600006103515625 64.81800079345703125 64.6510009765625 64.5500030517578125 64.50800323486328125 64.46600341796875 64.4420013427734375 44.852001190185546875 25.3209991455078125 25.36100006103515625
29.747999191284179688 28.01300048828125 27.205999374389648438 27.177000045776367188 27.024999618530273438 27.093000411987304688 27.061000823974609375 26.993999481201171875 26.895999908447265625 26.88800048828125 26.95999908447265625 51.937000274658203125 51.8209991455078125 51.94499969482421875 52.12599945068359375 52.31800079345703125 52.564998626708984375 52.551998138427734375 27.538000106811523438 27.233999252319335938 27.180999755859375 27.1529998779296875 27.150999069213867188 27.204000473022460938 27.273000717163085938 27.343999862670898438 27.058000564575195312 26.474000930786132812 65.50499725341796875 65.34400177001953125 65.18399810791015625 65.02700042724609375 64.871002197265625 64.71099853515625 64.58699798583984375 64.54900360107421875 64.5059967041015625 64.48000335693359375 44.884998321533203125 25.34600067138671875 25.396999359130859375
29.93199920654296875 28.197000503540039062 27.270999908447265625 27.2220001220703125 27.11199951171875 27.142000198364257812 27.121000289916992188 27.048999786376953125 26.9290008544921875 26.966999053955078125 27.017000198364257812 52.029998779296875 45.714000701904296875 39.41699981689453125 45.84400177001953125 52.272998809814453125 52.483001708984375 52.534999847412109375 27.56800079345703125 27.391000747680664062 32.256000518798828125 32.230998992919921875 32.230998992919921875 32.245998382568359375 32.28900146484375 27.465999603271484375 27.136999130249023438 26.621999740600585938 65.72699737548828125 65.59200286865234375 65.44300079345703125 65.2949981689453125 65.14299774169921875 64.89499664306640625 64.63899993896484375 64.5800018310546875 64.52500152587890625 64.51399993896484375 44.911998748779296875 25.37400054931640625 25.420000076293945312
30.031000137329101562 28.688999176025390625 27.552999496459960938 27.27700042724609375 27.16500091552734375 27.187999725341796875 27.16500091552734375 27.09799957275390625 26.955999374389648438 27.01399993896484375 27.063999176025390625 27.09600067138671875 27.117000579833984375 27.135000228881835938 27.232999801635742188 27.288999557495117188 27.302999496459960938 27.30500030517578125 32.411998748779296875 37.284999847412109375 37.325000762939453125 37.354999542236328125 37.312999725341796875 37.31999969482421875 37.314998626708984375 27.552999496459960938 27.353000640869140625 26.841999053955078125 65.98200225830078125 65.9219970703125 65.7570037841796875 65.60700225830078125 65.41400146484375 65.07599639892578125 64.68499755859375 64.6190032958984375 64.5800018310546875 64.555999755859375 44.94699859619140625 25.40200042724609375 25.440000534057617188
30.114999771118164062 28.739999771118164062 27.726999282836914062 27.356000900268554688 27.218000411987304688 27.243000030517578125 27.218000411987304688 27.155000686645507812 27.02899932861328125 27.042999267578125 30.002000808715820312 32.93199920654296875 35.870998382568359375 38.7760009765625 38.87200164794921875 33.033000946044921875 27.202999114990234375 27.354999542236328125 30.016000747680664062 37.367000579833984375 37.44100189208984375 37.4889984130859375 37.44699859619140625 37.465999603271484375 37.478000640869140625 27.732000350952148438 27.452999114990234375 27.038000106811523438 66.1829986572265625 66.227996826171875 66.0670013427734375 65.88500213623046875 65.720001220703125 65.32700347900390625 64.75800323486328125 64.6880035400390625 64.65399932861328125 64.61499786376953125 44.9980010986328125 25.409999847412109375 25.426000595092773438
30.15200042724609375 28.795999526977539062 27.451000213623046875 27.40399932861328125 27.295999526977539062 27.301000595092773438 27.27899932861328125 27.219999313354492188 27.107000350952148438 27.06800079345703125 32.9290008544921875 38.71900177001953125 38.783000946044921875 38.786998748779296875 38.856998443603515625 32.9010009765625 27.136999130249023438 27.563999176025390625 27.641000747680664062 37.47100067138671875 35.103000640869140625 32.70999908447265625 32.673000335693359375 32.672000885009765625 30.242000579833984375 27.81800079345703125 27.620000839233398438 27.316999435424804688 46.800998687744140625 46.81800079345703125 46.689998626708984375 36.714000701904296875 26.676000595092773438 26.4589996337890625 26.22100067138671875 26.19300079345703125 26.159000396728515625 26.016000747680664062 25.774999618530273438 25.561000823974609375 25.420999526977539062
30.121000289916992188 28.784999847412109375 27.441999435424804688 27.426000595092773438 27.363000869750976562 27.37599945068359375 27.354000091552734375 27.274000167846679688 27.145000457763671875 27.115999221801757812 30.099000930786132812 33.020999908447265625 39.75299835205078125 46.43399810791015625 46.504001617431640625 37.06999969482421875 27.385000228881835938 27.63800048828125 27.659000396728515625 27.746000289916992188 27.757999420166015625 27.760999679565429688 31.4850006103515625 35.244998931884765625 35.27899932861328125 35.29399871826171875 31.379999160766601562 27.516000747680664062 27.517999649047851562 27.767000198364257812 39.1139984130859375 38.5970001220703125 38.2220001220703125 38.101001739501953125 38.06800079345703125 38.11199951171875 38.020000457763671875 37.69499969482421875 43.036998748779296875 48.43399810791015625 25.419000625610351562
30.117000579833984375 28.934000015258789062 27.690999984741210938 27.507999420166015625 27.434999465942382812 27.434000015258789062 27.405000686645507812 27.336000442504882812 27.226999282836914062 27.177999496459960938 27.274999618530273438 27.406999588012695312 40.912998199462890625 54.33300018310546875 54.380001068115234375 41.108001708984375 27.7779998779296875 27.742000579833984375 27.715999603271484375 27.743000030517578125 27.7350006103515625 27.715000152587890625 35.1959991455078125 42.7389984130859375 42.766998291015625 42.76599884033203125 35.141998291015625 27.677000045776367188 27.715999603271484375 27.8209991455078125 50.48400115966796875 50.06999969482421875 49.81600189208984375 49.6829986572265625 49.632999420166015625 49.687000274658203125 49.63700103759765625 49.33599853515625 48.930999755859375 48.52500152587890625 25.417999267578125
30.172000885009765625 29.312000274658203125 28.159000396728515625 27.63899993896484375 27.479999542236328125 27.475999832153320312 27.452999114990234375 27.393999099731445312 27.280000686645507812 27.225000381469726562 27.322000503540039062 27.490999221801757812 41.048000335693359375 54.520000457763671875 54.542999267578125 41.1139984130859375 27.773000717163085938 27.798000335693359375 27.7779998779296875 27.752000808715820312 27.739000320434570312 27.704000473022460938 35.173999786376953125 42.713001251220703125 42.755001068115234375 42.75 35.203998565673828125 27.724000930786132812 27.753999710083007812 39.120998382568359375 50.44699859619140625 50.16699981689453125 50.00299835205078125 49.865001678466796875 49.8209991455078125 49.85900115966796875 49.867000579833984375 49.602001190185546875 49.199001312255859375 48.756000518798828125 25.465999603271484375
30.156000137329101562 29.357000350952148438 28.410999298095703125 27.718000411987304688 27.451000213623046875 27.5149993896484375 27.503999710083007812 27.451999664306640625 27.323999404907226562 27.275999069213867188 27.385000228881835938 27.649000167846679688 41.13800048828125 54.5410003662109375 54.47499847412109375 54.48799896240234375 54.58100128173828125 54.61299896240234375 54.5800018310546875 41.215999603271484375 27.788999557495117188 27.7220001220703125 31.43000030517578125 35.171001434326171875 35.1790008544921875 35.173999786376953125 31.462999343872070312 27.719999313354492188 27.68199920654296875 50.436000823974609375 50.437999725341796875 50.32199859619140625 50.185001373291015625 50.047000885009765625 50.006000518798828125 50.0279998779296875 50.0800018310546875 49.865001678466796875 49.465999603271484375 48.923000335693359375 25.525999069213867188
30.177000045776367188 29.422000885009765625 28.469999313354492188 27.864000320434570312 27.503000259399414062 27.561000823974609375 27.55699920654296875 27.496000289916992188 27.368000030517578125 27.312999725341796875 27.4160003662109375 27.600999832153320312 41.06600189208984375 54.450000762939453125 54.465999603271484375 54.53900146484375 54.573001861572265625 54.590999603271484375 54.59999847412109375 41.2220001220703125 27.825000762939453125 27.7649993896484375 27.757999420166015625 27.72299957275390625 27.6959991455078125 27.690000534057617188 27.687000274658203125 27.68000030517578125 27.68199920654296875 50.436000823974609375 50.46900177001953125 50.46099853515625 50.366001129150390625 50.228000640869140625 50.188999176025390625 50.19699859619140625 50.285999298095703125 50.125 49.698001861572265625 49.01399993896484375 36.951000213623046875
30.135000228881835938 29.312000274658203125 28.3339996337890625 27.850000381469726562 27.56999969482421875 27.613000869750976562 27.600999832153320312 27.534000396728515625 27.427999496459960938 27.319000244140625 27.430999755859375 27.579999923706054688 41.03900146484375 54.44300079345703125 54.49700164794921875 54.521999359130859375 54.54000091552734375 54.55699920654296875 54.574001312255859375 41.200000762939453125 27.753000259399414062 27.707000732421875 27.701000213623046875 27.711999893188476562 27.670999526977539062 27.663999557495117188 27.65200042724609375 27.697000503540039062 27.733999252319335938 39.062999725341796875 50.425998687744140625 50.48600006103515625 50.504001617431640625 50.409999847412109375 50.368000030517578125 50.368999481201171875 50.478000640869140625 50.379001617431640625 49.8489990234375 49.176998138427734375 37.095001220703125
30.1529998779296875 29.260000228881835938 28.076999664306640625 27.753999710083007812 27.648000717163085938 27.663999557495117188 27.649999618530273438 27.593000411987304688 27.493999481201171875 27.424999237060546875 27.520000457763671875 27.620000839233398438 41.073001861572265625 54.48600006103515625 54.507999420166015625 54.52700042724609375 54.548000335693359375 54.56999969482421875 54.590000152587890625 47.909999847412109375 27.767000198364257812 27.725999832153320312 27.739000320434570312 27.738000869750976562 27.673999786376953125 27.636999130249023438 27.670000076293945312 27.715000152587890625 27.688999176025390625 27.615999221801757812 38.94100189208984375 50.40200042724609375 50.49700164794921875 50.5410003662109375 50.535999298095703125 50.53099822998046875 50.63899993896484375 50.60900115966796875 50.273998260498046875 49.75 37.31800079345703125
30.121000289916992188 29.452999114990234375 27.996000289916992188 27.805999755859375 27.691999435424804688 27.718000411987304688 27.701999664306640625 27.655000686645507812 27.552000045776367188 27.523000717163085938 27.573999404907226562 27.6660003662109375 41.120998382568359375 54.505001068115234375 54.522998809814453125 54.535999298095703125 54.548999786376953125 54.562999725341796875 54.574001312255859375 54.58499908447265625 47.884998321533203125 27.780000686645507812 27.766000747680664062 27.701000213623046875 27.614000320434570312 27.582000732421875 27.599000930786132812 27.61100006103515625 27.587999343872070312 27.55500030517578125 27.506999969482421875 27.509000778198242188 27.603000640869140625 27.68199920654296875 27.75 27.768999099731445312 27.829000473022460938 27.884000778198242188 27.87599945068359375 32.84600067138671875 25.993000030517578125
