input/fundem-6m-small.asc
ncols        28
nrows        17
xllcorner    524330.000000000000
yllcorner    5041200.000000000000
cellsize     6.000000000000
NODATA_value  -3.4028234663852885981e+38
 27.822000503540039062 26.843999862670898438 26.767000198364257812 26.7220001220703125 51.713001251220703125 51.784999847412109375 39.268001556396484375 51.757999420166015625 39.23799896240234375 65.36299896240234375 64.87200164794921875 64.49500274658203125 64.31099700927734375 25.211999893188476562 24.62599945068359375 24.479000091552734375 24.091999053955078125 18.27700042724609375 17.68000030517578125 17.309999465942382812 16.309999465942382812 15.942000389099121094 15.885000228881835938 15.43000030517578125 15.203000068664550781 16.669000625610351562 16.961999893188476562 22.690999984741210938
 28.066999435424804688 27.006999969482421875 26.940000534057617188 26.892000198364257812 51.926998138427734375 52.185001373291015625 27.045999526977539062 27.006999969482421875 27.22100067138671875 65.509002685546875 64.98600006103515625 64.5500030517578125 64.4420013427734375 25.36100006103515625 24.72100067138671875 24.56999969482421875 24.0709991455078125 18.829999923706054688 18.108999252319335938 17.378000259399414062 16.381000518798828125 16.007999420166015625 15.914999961853027344 15.489000320434570312 15.130000114440917969 16.9290008544921875 16.697999954223632812 22.809000015258789062
 28.688999176025390625 27.16500091552734375 27.09799957275390625 27.063999176025390625 27.135000228881835938 27.302999496459960938 37.284999847412109375 37.312999725341796875 27.552999496459960938 65.98200225830078125 65.60700225830078125 64.68499755859375 64.555999755859375 25.440000534057617188 24.908000946044921875 24.649000167846679688 24.020999908447265625 19.863000869750976562 18.549999237060546875 17.676000595092773438 16.45999908447265625 16.087999343872070312 15.960000038146972656 15.550999641418457031 15.0839996337890625 17.246000289916992188 16.854000091552734375 22.52899932861328125
 28.784999847412109375 27.363000869750976562 27.274000167846679688 30.099000930786132812 46.43399810791015625 27.385000228881835938 27.746000289916992188 31.4850006103515625 35.29399871826171875 27.517999649047851562 38.5970001220703125 38.06800079345703125 37.69499969482421875 25.419000625610351562 25.04000091552734375 24.780000686645507812 23.951999664306640625 21.065000534057617188 19.010000228881835938 17.926000595092773438 16.544000625610351562 16.174999237060546875 15.906999588012695312 15.619000434875488281 15.06999969482421875 17.368999481201171875 17.104000091552734375 22.080999374389648438
 29.357000350952148438 27.451000213623046875 27.451999664306640625 27.385000228881835938 54.5410003662109375 54.58100128173828125 41.215999603271484375 31.43000030517578125 35.173999786376953125 27.68199920654296875 50.32199859619140625 50.006000518798828125 49.865001678466796875 25.525999069213867188 25.204999923706054688 25.018999099731445312 23.850000381469726562 22.79000091552734375 19.468000411987304688 18.523000717163085938 16.655000686645507812 16.261999130249023438 15.885999679565429688 15.68000030517578125 15.119000434875488281 17.099000930786132812 17.466999053955078125 21.849000930786132812
 29.260000228881835938 27.648000717163085938 27.593000411987304688 27.520000457763671875 54.48600006103515625 54.548000335693359375 47.909999847412109375 27.739000320434570312 27.636999130249023438 27.688999176025390625 50.40200042724609375 50.535999298095703125 50.60900115966796875 37.31800079345703125 25.409999847412109375 25.392999649047851562 23.729000091552734375 23.254999160766601562 19.941999435424804688 19.322000503540039062 16.877000808715820312 16.3600006103515625 15.875 15.774000167846679688 15.211999893188476562 16.284000396728515625 17.86199951171875 18.173000335693359375
 29.399999618530273438 27.84799957275390625 27.767000198364257812 27.663999557495117188 54.590999603271484375 54.575000762939453125 54.5670013427734375 41.04199981689453125 27.511999130249023438 27.424999237060546875 50.203998565673828125 50.286998748779296875 50.3170013427734375 26.016000747680664062 25.559999465942382812 25.601999282836914062 23.586000442504882812 23.215000152587890625 20.392999649047851562 20.00099945068359375 17.15200042724609375 16.468000411987304688 15.942999839782714844 15.871000289916992188 15.328000068664550781 15.647000312805175781 18.308000564575195312 18.033000946044921875
 29.294000625610351562 27.97100067138671875 27.9160003662109375 27.809999465942382812 41.230998992919921875 54.6139984130859375 54.466999053955078125 54.34600067138671875 27.363000869750976562 27.256000518798828125 49.89099884033203125 49.824001312255859375 49.729999542236328125 26.055999755859375 25.753000259399414062 25.766000747680664062 23.447000503540039062 23.0279998779296875 20.84799957275390625 20.511999130249023438 17.363000869750976562 16.576000213623046875 16.065000534057617188 15.989000320434570312 15.428000450134277344 15.413999557495117188 18.752000808715820312 18.302000045776367188
 28.569000244140625 28.160999298095703125 28.038000106811523438 27.941999435424804688 28.01300048828125 27.759000778198242188 27.56800079345703125 27.417999267578125 27.145999908447265625 26.961000442504882812 26.766000747680664062 26.615999221801757812 26.423999786376953125 26.156000137329101562 25.816999435424804688 25.875 23.285999298095703125 22.813999176025390625 21.299999237060546875 20.968000411987304688 17.76300048828125 16.659000396728515625 16.177000045776367188 16.08300018310546875 15.567000389099121094 15.2220001220703125 18.41699981689453125 18.774999618530273438
 28.283000946044921875 28.174999237060546875 28.0970001220703125 27.9160003662109375 27.711999893188476562 27.563999176025390625 27.38899993896484375 27.204999923706054688 27.045999526977539062 26.878999710083007812 26.697999954223632812 26.510000228881835938 26.3470001220703125 26.160999298095703125 25.9589996337890625 25.927000045776367188 23.77700042724609375 22.569000244140625 21.725999832153320312 21.424999237060546875 18.356000900268554688 16.719999313354492188 16.305999755859375 16.08300018310546875 15.692000389099121094 15.149999618530273438 18.313999176025390625 19.312999725341796875
 28.357999801635742188 28.218000411987304688 28.1399993896484375 27.996999740600585938 27.812999725341796875 27.566999435424804688 27.43000030517578125 27.228000640869140625 27.035999298095703125 26.8470001220703125 26.655000686645507812 26.495000839233398438 26.292999267578125 26.107999801635742188 25.952999114990234375 25.996999740600585938 25.40200042724609375 22.292999267578125 21.990999221801757812 21.854999542236328125 20.724000930786132812 16.849000930786132812 16.43199920654296875 16.020999908447265625 15.828000068664550781 15.267000198364257812 16.12599945068359375 19.840000152587890625
 28.465999603271484375 28.339000701904296875 28.201999664306640625 28.0540008544921875 27.988000869750976562 27.823999404907226562 27.66699981689453125 27.506999969482421875 27.364000320434570312 27.260000228881835938 27.167999267578125 43.659000396728515625 60.3860015869140625 60.18199920654296875 26.106000900268554688 26.034000396728515625 26.187999725341796875 22.062999725341796875 21.613000869750976562 22.27700042724609375 22.173000335693359375 17.216999053955078125 16.565000534057617188 16.048000335693359375 15.984999656677246094 15.442999839782714844 16.502000808715820312 20.436000823974609375
 74.5279998779296875 28.295999526977539062 28.229000091552734375 27.966999053955078125 28.089000701904296875 27.978000640869140625 27.832000732421875 27.660999298095703125 27.524000167846679688 27.4290008544921875 27.322000503540039062 60.897998809814453125 60.5410003662109375 60.229000091552734375 26.184999465942382812 26.086000442504882812 26.118000030517578125 21.816999435424804688 21.25 22.700000762939453125 22.603000640869140625 17.655000686645507812 16.690999984741210938 16.201999664306640625 16.115999221801757812 15.619000434875488281 15.491999626159667969 19.922000885009765625
 74.64600372314453125 28.424999237060546875 28.219999313354492188 27.992000579833984375 28.145000457763671875 28.02700042724609375 27.893999099731445312 27.729000091552734375 27.511999130249023438 27.406999588012695312 27.302000045776367188 60.97299957275390625 60.657001495361328125 60.340999603271484375 26.187999725341796875 26.131000518798828125 26.107000350952148438 21.5839996337890625 20.934999465942382812 23.15399932861328125 23.020000457763671875 18.534999847412109375 16.7649993896484375 16.34600067138671875 16.198999404907226562 15.788000106811523438 15.303000450134277344 16.802999496459960938
 74.9739990234375 28.38899993896484375 28.239999771118164062 28.01399993896484375 28.254999160766601562 28.100000381469726562 27.9720001220703125 27.841999053955078125 27.656999588012695312 27.506000518798828125 27.351999282836914062 60.979000091552734375 60.6699981689453125 60.40000152587890625 26.284999847412109375 26.198999404907226562 26.120000839233398438 21.937999725341796875 20.684999465942382812 23.475000381469726562 23.44300079345703125 21.350999832153320312 16.868999481201171875 16.479999542236328125 16.114999771118164062 15.944000244140625 15.454999923706054688 16.253999710083007812
 75.0709991455078125 28.454000473022460938 28.312999725341796875 28.079000473022460938 28.329999923706054688 28.158000946044921875 28.0540008544921875 27.892999649047851562 27.746000289916992188 27.608999252319335938 27.419000625610351562 61.020999908447265625 60.701000213623046875 60.380001068115234375 26.343999862670898438 26.246000289916992188 26.177000045776367188 25.409999847412109375 20.44499969482421875 21.898000717163085938 23.840000152587890625 23.81999969482421875 17.247999191284179688 16.618999481201171875 16.163000106811523438 16.11199951171875 15.651000022888183594 15.81999969482421875
 75.13300323486328125 28.523000717163085938 28.4029998779296875 28.135000228881835938 28.336000442504882812 28.268999099731445312 28.113000869750976562 28.01300048828125 27.879999160766601562 61.591999053955078125 61.40000152587890625 61.118999481201171875 60.811000823974609375 60.470001220703125 26.381999969482421875 26.295999526977539062 26.231000900268554688 26.160999298095703125 20.214000701904296875 19.9720001220703125 24.22100067138671875 24.13899993896484375 17.607999801635742188 16.719999313354492188 16.3040008544921875 16.238000869750976562 15.842000007629394531 15.538000106811523438
