input/fundem-1m-small.asc
ncols        168
nrows        100
xllcorner    524330.000000000000
yllcorner    5041202.000000000000
cellsize     1.000000000000
NODATA_value  -3.4028234663852885981e+38
[rows 0 to 17 of 100, columns 120 to 159 of 168]
16.332000732421875 16.29000091552734375 16.285999298095703125 16.2649993896484375 16.204000473022460938 16.135000228881835938 16.086000442504882812 16.023000717163085938 15.954999923706054688 15.890999794006347656 15.829999923706054688 15.774000167846679688 15.842000007629394531 15.885999679565429688 15.890999794006347656 15.810999870300292969 15.743000030517578125 15.678999900817871094 15.607999801635742188 15.529999732971191406 15.460000038146972656 15.340000152587890625 15.2910003662109375 15.213000297546386719 15.121000289916992188 15.086000442504882812 15.184000015258789062 15.368000030517578125 15.940999984741210938 16.547000885009765625 16.687000274658203125 16.632999420166015625 16.5839996337890625 16.54199981689453125 16.462999343872070312 16.412000656127929688 16.37599945068359375 16.436000823974609375 16.4589996337890625 17.718000411987304688
16.354999542236328125 16.312999725341796875 16.3040008544921875 16.284000396728515625 16.225000381469726562 16.156000137329101562 16.090999603271484375 16.02700042724609375 15.961000442504882812 15.899999618530273438 15.840000152587890625 15.774000167846679688 15.81999969482421875 15.876999855041503906 15.894000053405761719 15.821999549865722656 15.758999824523925781 15.692999839782714844 15.616000175476074219 15.536000251770019531 15.454999923706054688 15.305999755859375 15.281000137329101562 15.215999603271484375 15.116999626159667969 15.092000007629394531 15.185000419616699219 15.298999786376953125 15.835000038146972656 16.549999237060546875 16.73600006103515625 16.677999496459960938 16.627000808715820312 16.579000473022460938 16.504999160766601562 16.451999664306640625 16.412000656127929688 16.455999374389648438 16.489999771118164062 17.594999313354492188
16.377000808715820312 16.329000473022460938 16.315000534057617188 16.29199981689453125 16.225000381469726562 16.169000625610351562 16.101999282836914062 16.042999267578125 15.975999832153320312 15.901000022888183594 15.845000267028808594 15.784999847412109375 15.810000419616699219 15.878999710083007812 15.913999557495117188 15.843999862670898438 15.774999618530273438 15.704000473022460938 15.631999969482421875 15.552000045776367188 15.468999862670898438 15.36100006103515625 15.312999725341796875 15.227999687194824219 15.126000404357910156 15.081000328063964844 15.164999961853027344 15.251000404357910156 15.69499969482421875 16.372999191284179688 16.707000732421875 16.7220001220703125 16.686000823974609375 16.627000808715820312 16.55500030517578125 16.479000091552734375 16.437999725341796875 16.489999771118164062 16.530000686645507812 17.575000762939453125
16.4160003662109375 16.34600067138671875 16.326000213623046875 16.30699920654296875 16.2350006103515625 16.183000564575195312 16.120000839233398438 16.048999786376953125 15.977999687194824219 15.911000251770019531 15.850999832153320312 15.79199981689453125 15.798999786376953125 15.873999595642089844 15.923000335693359375 15.859000205993652344 15.786999702453613281 15.711999893188476562 15.642000198364257812 15.564999580383300781 15.480999946594238281 15.407999992370605469 15.340000152587890625 15.239000320434570312 15.140999794006347656 15.076999664306640625 15.156999588012695312 15.237000465393066406 15.562999725341796875 16.150999069213867188 16.631999969482421875 16.754999160766601562 16.711000442504882812 16.6529998779296875 16.577999114990234375 16.49900054931640625 16.469999313354492188 16.496999740600585938 16.552000045776367188 17.190999984741210938
16.423000335693359375 16.353000640869140625 16.339000701904296875 16.322999954223632812 16.253000259399414062 16.197000503540039062 16.135999679565429688 16.063999176025390625 15.989999771118164062 15.928999900817871094 15.859999656677246094 15.793999671936035156 15.807000160217285156 15.864000320434570312 15.91699981689453125 15.864999771118164062 15.798000335693359375 15.727000236511230469 15.645999908447265625 15.574000358581542969 15.487999916076660156 15.407999992370605469 15.342000007629394531 15.234000205993652344 15.15200042724609375 15.071000099182128906 15.164999961853027344 15.220999717712402344 15.543999671936035156 16.156999588012695312 16.656000137329101562 16.798000335693359375 16.746999740600585938 16.690999984741210938 16.625 16.562000274658203125 16.50099945068359375 16.517000198364257812 16.5709991455078125 16.815000534057617188
16.437999725341796875 16.368000030517578125 16.3470001220703125 16.33499908447265625 16.267999649047851562 16.2089996337890625 16.145000457763671875 16.072999954223632812 16.00099945068359375 15.940999984741210938 15.871999740600585938 15.80500030517578125 15.800999641418457031 15.880000114440917969 15.946000099182128906 15.868000030517578125 15.802000045776367188 15.734000205993652344 15.661999702453613281 15.581999778747558594 15.496999740600585938 15.414999961853027344 15.329000473022460938 15.234000205993652344 15.130999565124511719 15.071000099182128906 15.131999969482421875 15.171999931335449219 15.336000442504882812 16.02899932861328125 16.659999847412109375 16.8470001220703125 16.797000885009765625 16.740999221801757812 16.673000335693359375 16.59799957275390625 16.548000335693359375 16.54199981689453125 16.599000930786132812 17.021999359130859375
16.451000213623046875 16.378000259399414062 16.350999832153320312 16.336000442504882812 16.2910003662109375 16.224000930786132812 16.16500091552734375 16.091999053955078125 16.011999130249023438 15.946000099182128906 15.875 15.809000015258789062 15.796999931335449219 15.873000144958496094 15.946999549865722656 15.875 15.817000389099121094 15.743000030517578125 15.668999671936035156 15.590000152587890625 15.512999534606933594 15.428999900817871094 15.352999687194824219 15.262000083923339844 15.154000282287597656 15.062999725341796875 15.130000114440917969 15.168000221252441406 15.302000045776367188 16.011999130249023438 16.705999374389648438 16.899999618530273438 16.849000930786132812 16.787000656127929688 16.718999862670898438 16.63800048828125 16.5970001220703125 16.55699920654296875 16.618999481201171875 16.801000595092773438
16.48600006103515625 16.38899993896484375 16.368000030517578125 16.350000381469726562 16.302999496459960938 16.23699951171875 16.172000885009765625 16.101999282836914062 16.024000167846679688 15.953000068664550781 15.883000373840332031 15.824000358581542969 15.79199981689453125 15.84799957275390625 15.923999786376953125 15.904000282287597656 15.835000038146972656 15.755000114440917969 15.687999725341796875 15.609000205993652344 15.519000053405761719 15.440999984741210938 15.359999656677246094 15.270000457763671875 15.163999557495117188 15.059000015258789062 15.11100006103515625 15.164999961853027344 15.289999961853027344 16.020999908447265625 16.756000518798828125 16.94499969482421875 16.88899993896484375 16.83300018310546875 16.767000198364257812 16.697000503540039062 16.621000289916992188 16.58300018310546875 16.645999908447265625 16.663000106811523438
16.52700042724609375 16.408000946044921875 16.385999679565429688 16.36199951171875 16.322999954223632812 16.254999160766601562 16.177999496459960938 16.11199951171875 16.038999557495117188 15.963000297546386719 15.894000053405761719 15.829999923706054688 15.802000045776367188 15.84799957275390625 15.911999702453613281 15.9029998779296875 15.836000442504882812 15.762000083923339844 15.689000129699707031 15.619999885559082031 15.5279998779296875 15.439999580383300781 15.359000205993652344 15.260000228881835938 15.170999526977539062 15.064999580383300781 15.095000267028808594 15.170000076293945312 15.293999671936035156 15.979000091552734375 16.738000869750976562 16.989000320434570312 16.930999755859375 16.87400054931640625 16.812000274658203125 16.740999221801757812 16.658000946044921875 16.615999221801757812 16.677000045776367188 16.6959991455078125
16.566999435424804688 16.430999755859375 16.395999908447265625 16.378000259399414062 16.33499908447265625 16.26399993896484375 16.19499969482421875 16.134000778198242188 16.048999786376953125 15.979000091552734375 15.911000251770019531 15.835000038146972656 15.795999526977539062 15.843999862670898438 15.921999931335449219 15.923000335693359375 15.845999717712402344 15.77700042724609375 15.694000244140625 15.619999885559082031 15.534999847412109375 15.453000068664550781 15.366999626159667969 15.267999649047851562 15.180999755859375 15.074999809265136719 15.090999603271484375 15.164999961853027344 15.276000022888183594 15.982000350952148438 16.768999099731445312 17.04000091552734375 16.98699951171875 16.923000335693359375 16.86199951171875 16.788000106811523438 16.701999664306640625 16.63899993896484375 16.690999984741210938 16.729000091552734375
16.618000030517578125 16.451999664306640625 16.408000946044921875 16.395000457763671875 16.357000350952148438 16.287000656127929688 16.205999374389648438 16.142999649047851562 16.06999969482421875 16.002000808715820312 15.925000190734863281 15.859000205993652344 15.817999839782714844 15.869000434875488281 15.949000358581542969 15.935000419616699219 15.855999946594238281 15.781999588012695312 15.70800018310546875 15.635000228881835938 15.548000335693359375 15.456000328063964844 15.376000404357910156 15.282999992370605469 15.185000419616699219 15.076000213623046875 15.079999923706054688 15.13899993896484375 15.232000350952148438 15.963999748229980469 16.802000045776367188 17.093000411987304688 17.031999588012695312 16.975999832153320312 16.912000656127929688 16.830999374389648438 16.742000579833984375 16.694000244140625 16.69300079345703125 16.756999969482421875
16.659000396728515625 16.4850006103515625 16.433000564575195312 16.405000686645507812 16.372999191284179688 16.292999267578125 16.215999603271484375 16.145999908447265625 16.086999893188476562 16.007999420166015625 15.93000030517578125 15.859999656677246094 15.821999549865722656 15.864999771118164062 15.932999610900878906 15.935999870300292969 15.864999771118164062 15.795999526977539062 15.718000411987304688 15.647999763488769531 15.559000015258789062 15.463000297546386719 15.383999824523925781 15.293999671936035156 15.192000389099121094 15.086999893188476562 15.055999755859375 15.112000465393066406 15.211000442504882812 15.965999603271484375 16.836000442504882812 17.13899993896484375 17.0839996337890625 17.04199981689453125 16.9589996337890625 16.875 16.801000595092773438 16.732000350952148438 16.715999603271484375 16.77899932861328125
16.687999725341796875 16.49900054931640625 16.436000823974609375 16.424999237060546875 16.391000747680664062 16.31999969482421875 16.229999542236328125 16.173999786376953125 16.093999862670898438 16.023000717163085938 15.939999580383300781 15.869000434875488281 15.831999778747558594 15.866999626159667969 15.927000045776367188 15.951999664306640625 15.880999565124511719 15.810000419616699219 15.734999656677246094 15.654000282287597656 15.572999954223632812 15.480999946594238281 15.399000167846679688 15.310000419616699219 15.204999923706054688 15.090999603271484375 15.045000076293945312 15.140000343322753906 15.199000358581542969 15.838999748229980469 16.601999282836914062 17.094999313354492188 17.135000228881835938 17.079999923706054688 17.002000808715820312 16.920999526977539062 16.857000350952148438 16.77700042724609375 16.7220001220703125 16.812000274658203125
16.743000030517578125 16.534000396728515625 16.457000732421875 16.433000564575195312 16.408000946044921875 16.343999862670898438 16.260999679565429688 16.176000595092773438 16.107000350952148438 16.031000137329101562 15.960000038146972656 15.883000373840332031 15.836000442504882812 15.864000320434570312 15.927000045776367188 15.954000473022460938 15.895999908447265625 15.814999580383300781 15.743000030517578125 15.659999847412109375 15.579999923706054688 15.484999656677246094 15.397999763488769531 15.314000129699707031 15.211000442504882812 15.090999603271484375 15.039999961853027344 15.131999969482421875 15.173999786376953125 15.640000343322753906 16.363000869750976562 16.981000900268554688 17.205999374389648438 17.142000198364257812 17.058000564575195312 16.975999832153320312 16.899999618530273438 16.811000823974609375 16.728000640869140625 16.83300018310546875
16.767999649047851562 16.545999526977539062 16.468999862670898438 16.440999984741210938 16.41500091552734375 16.354000091552734375 16.267000198364257812 16.200000762939453125 16.121999740600585938 16.0410003662109375 15.979999542236328125 15.892999649047851562 15.838000297546386719 15.862000465393066406 15.935000419616699219 15.968000411987304688 15.904999732971191406 15.81999969482421875 15.755999565124511719 15.671999931335449219 15.590000152587890625 15.496999740600585938 15.411000251770019531 15.328000068664550781 15.227999687194824219 15.105999946594238281 15.036999702453613281 15.135999679565429688 15.171999931335449219 15.581000328063964844 16.315000534057617188 16.978000640869140625 17.254999160766601562 17.190999984741210938 17.103000640869140625 17.023000717163085938 16.951000213623046875 16.851999282836914062 16.785999298095703125 16.878000259399414062
16.801000595092773438 16.576000213623046875 16.479000091552734375 16.448999404907226562 16.422000885009765625 16.367000579833984375 16.287000656127929688 16.22299957275390625 16.13800048828125 16.048999786376953125 15.984999656677246094 15.9029998779296875 15.838999748229980469 15.866000175476074219 15.953000068664550781 15.984999656677246094 15.909999847412109375 15.829999923706054688 15.767999649047851562 15.685999870300292969 15.605999946594238281 15.510999679565429688 15.41699981689453125 15.335000038146972656 15.229000091552734375 15.11100006103515625 15.034000396728515625 15.126999855041503906 15.149000167846679688 15.27700042724609375 16.176000595092773438 16.993000030517578125 17.3040008544921875 17.233999252319335938 17.148000717163085938 17.072000503540039062 16.996999740600585938 16.913000106811523438 16.836999893188476562 16.913000106811523438
16.832000732421875 16.600999832153320312 16.496999740600585938 16.465000152587890625 16.43199920654296875 16.378000259399414062 16.3040008544921875 16.229999542236328125 16.15200042724609375 16.072000503540039062 15.996999740600585938 15.918000221252441406 15.845999717712402344 15.84799957275390625 15.932000160217285156 15.989999771118164062 15.939999580383300781 15.8470001220703125 15.774000167846679688 15.696999549865722656 15.612999916076660156 15.512000083923339844 15.423999786376953125 15.343999862670898438 15.241999626159667969 15.130000114440917969 15.034000396728515625 15.114000320434570312 15.126999855041503906 15.16699981689453125 16.136999130249023438 17.016000747680664062 17.368999481201171875 17.295999526977539062 17.211000442504882812 17.128999710083007812 17.052000045776367188 16.968999862670898438 16.898000717163085938 16.930999755859375
16.86100006103515625 16.618000030517578125 16.510999679565429688 16.478000640869140625 16.44300079345703125 16.395000457763671875 16.31800079345703125 16.243000030517578125 16.1660003662109375 16.093000411987304688 16.006999969482421875 15.923999786376953125 15.852000236511230469 15.845999717712402344 15.935999870300292969 16.010000228881835938 15.954000473022460938 15.864999771118164062 15.793999671936035156 15.704999923706054688 15.621000289916992188 15.529000282287597656 15.440999984741210938 15.354999542236328125 15.258000373840332031 15.142999649047851562 15.046999931335449219 15.11100006103515625 15.137000083923339844 15.185000419616699219 16.170999526977539062 17.06999969482421875 17.426000595092773438 17.34799957275390625 17.274000167846679688 17.186000823974609375 17.104000091552734375 17.024000167846679688 16.940999984741210938 16.9589996337890625
