input/fundem-3m-small.asc
ncols        56
nrows        33
xllcorner    524330.000000000000
yllcorner    5041203.000000000000
cellsize     3.000000000000
NODATA_value  -3.4028234663852885981e+38
[rows 0 to 17 of 33, columns 0 to 39 of 56]
28.940999984741210938 27.009000778198242188 26.840000152587890625 26.832000732421875 26.7910003662109375 26.59799957275390625 26.660999298095703125 26.70800018310546875 51.712001800537109375 51.743999481201171875 51.74900054931640625 51.754001617431640625 26.743000030517578125 51.685001373291015625 51.701000213623046875 51.659000396728515625 51.560001373291015625 26.356000900268554688 26.080999374389648438 65.07399749755859375 64.8690032958984375 64.6529998779296875 64.4459991455078125 64.41699981689453125 64.3130035400390625 64.29900360107421875 25.18199920654296875 25.020000457763671875 24.73699951171875 24.593999862670898438 24.51300048828125 24.330999374389648438 24.159999847412109375 24.058000564575195312 19.4850006103515625 17.989000320434570312 17.716999053955078125 17.447999954223632812 17.457000732421875 16.8470001220703125
29.469999313354492188 27.150999069213867188 26.909000396728515625 26.910999298095703125 26.868000030517578125 26.728000640869140625 26.726999282836914062 26.642000198364257812 51.63700103759765625 51.715000152587890625 51.792999267578125 51.823001861572265625 26.841999053955078125 51.8209991455078125 51.79399871826171875 51.813999176025390625 51.87599945068359375 26.753999710083007812 26.33300018310546875 65.272003173828125 65.01999664306640625 64.7689971923828125 64.51799774169921875 64.46199798583984375 64.36499786376953125 64.3470001220703125 25.233999252319335938 25.08300018310546875 24.811000823974609375 24.618000030517578125 24.531000137329101562 24.343000411987304688 24.145000457763671875 24.038000106811523438 20.309999465942382812 18.1959991455078125 17.933000564575195312 17.650999069213867188 17.520999908447265625 16.93199920654296875
29.5839996337890625 27.200000762939453125 27.072999954223632812 26.993999481201171875 26.968999862670898438 26.766000747680664062 26.809999465942382812 51.76599884033203125 51.769001007080078125 51.841999053955078125 51.911998748779296875 52.0410003662109375 26.9459991455078125 51.924999237060546875 51.924999237060546875 51.98400115966796875 52.090999603271484375 27.066999435424804688 26.437000274658203125 65.345001220703125 65.0930023193359375 64.839996337890625 64.58699798583984375 64.49500274658203125 64.4290008544921875 64.40399932861328125 25.301000595092773438 25.190999984741210938 24.864000320434570312 24.677000045776367188 24.587999343872070312 24.413000106811523438 24.132999420166015625 24.021999359130859375 21.024000167846679688 18.413000106811523438 18.131000518798828125 17.86100006103515625 17.593999862670898438 16.996999740600585938
29.41699981689453125 27.1959991455078125 27.12599945068359375 27.079000473022460938 27.034999847412109375 26.923000335693359375 26.9029998779296875 51.939998626708984375 51.8079986572265625 52.095001220703125 52.296001434326171875 52.45600128173828125 27.444000244140625 27.135000228881835938 27.100000381469726562 27.145000457763671875 27.253999710083007812 27.27700042724609375 26.412000656127929688 65.35700225830078125 65.1060028076171875 64.86699676513671875 64.62799835205078125 64.5579986572265625 64.49199676513671875 64.46600341796875 25.350999832153320312 25.245000839233398438 24.947000503540039062 24.725000381469726562 24.642999649047851562 24.462999343872070312 24.104999542236328125 24.010000228881835938 22.106000900268554688 18.674999237060546875 18.350999832153320312 18.093999862670898438 17.323999404907226562 17.267999649047851562
29.629999160766601562 27.350999832153320312 27.197000503540039062 27.159999847412109375 27.122999191284179688 26.940000534057617188 27.007999420166015625 52.03900146484375 26.9720001220703125 27.121000289916992188 52.29399871826171875 52.452999114990234375 27.559999465942382812 37.171001434326171875 37.159999847412109375 37.15000152587890625 37.202999114990234375 27.357999801635742188 26.593999862670898438 65.70800018310546875 65.4850006103515625 65.26200103759765625 64.83499908447265625 64.60700225830078125 64.5260009765625 64.509002685546875 25.395000457763671875 25.287000656127929688 25.003999710083007812 24.795999526977539062 24.702999114990234375 24.43000030517578125 24.089000701904296875 23.98600006103515625 22.7220001220703125 18.895999908447265625 18.562999725341796875 18.312000274658203125 17.926000595092773438 17.302999496459960938
29.933000564575195312 28.06800079345703125 27.316999435424804688 27.229999542236328125 27.19499969482421875 27.038000106811523438 27.072000503540039062 27.113000869750976562 38.7350006103515625 38.826999664306640625 27.25 27.239999771118164062 37.33499908447265625 37.3899993896484375 37.449001312255859375 37.42800140380859375 37.448001861572265625 27.538000106811523438 26.891000747680664062 66.1920013427734375 65.95400238037109375 65.68499755859375 65.102996826171875 64.6699981689453125 64.61199951171875 64.58300018310546875 25.424999237060546875 25.287000656127929688 25.104999542236328125 24.864000320434570312 24.781000137329101562 24.40399932861328125 24.05500030517578125 23.941999435424804688 23.045000076293945312 19.120000839233398438 18.773000717163085938 18.54199981689453125 18.176000595092773438 17.454000473022460938
30.023000717163085938 27.430999755859375 27.395000457763671875 27.3209991455078125 27.287000656127929688 27.13899993896484375 27.080999374389648438 38.717998504638671875 38.78900146484375 38.787998199462890625 27.017999649047851562 27.5540008544921875 27.65200042724609375 37.548999786376953125 27.826999664306640625 27.77899932861328125 27.770999908447265625 27.732999801635742188 27.36199951171875 27.299999237060546875 27.145999908447265625 26.691999435424804688 26.492000579833984375 26.483999252319335938 26.399999618530273438 26.034999847412109375 25.572000503540039062 25.281999588012695312 25.159000396728515625 24.947000503540039062 24.8600006103515625 24.371000289916992188 24.034999847412109375 23.896999359130859375 23.808000564575195312 19.312000274658203125 19.0149993896484375 18.783000946044921875 18.420999526977539062 17.372999191284179688
30.023000717163085938 27.517000198364257812 27.423999786376953125 27.419000625610351562 27.37599945068359375 27.23699951171875 27.176000595092773438 27.336000442504882812 54.254001617431640625 54.297000885009765625 27.770000457763671875 27.724000930786132812 27.672000885009765625 27.739999771118164062 27.70999908447265625 42.73400115966796875 42.7760009765625 42.64099884033203125 27.673000335693359375 27.802000045776367188 50.394001007080078125 49.79000091552734375 49.602001190185546875 49.643001556396484375 49.54399871826171875 48.965000152587890625 48.367000579833984375 25.329000473022460938 25.19300079345703125 25.031999588012695312 24.968000411987304688 24.413000106811523438 23.993999481201171875 23.863000869750976562 23.73699951171875 19.645000457763671875 19.229999542236328125 19.010999679565429688 18.794000625610351562 17.488000869750976562
30.05500030517578125 28.4160003662109375 27.545000076293945312 27.479999542236328125 27.451000213623046875 27.322999954223632812 27.247999191284179688 27.502000808715820312 54.516998291015625 54.56999969482421875 27.688999176025390625 27.81800079345703125 27.766000747680664062 27.745000839233398438 27.69499969482421875 42.68000030517578125 42.757999420166015625 42.716999053955078125 27.745000839233398438 50.47100067138671875 50.395000457763671875 50.08300018310546875 49.8769989013671875 49.895000457763671875 49.912998199462890625 49.367000579833984375 48.662998199462890625 25.40200042724609375 25.29000091552734375 25.121000289916992188 25.055999755859375 24.452999114990234375 23.951000213623046875 23.815000534057617188 23.68199920654296875 20.090000152587890625 19.45800018310546875 19.257999420166015625 19.018999099731445312 17.558000564575195312
30.115999221801757812 28.636999130249023438 27.676000595092773438 27.547000885009765625 27.533000946044921875 27.38800048828125 27.31800079345703125 27.573999404907226562 54.483001708984375 54.448001861572265625 54.55899810791015625 54.59400177001953125 54.591999053955078125 27.86199951171875 27.770999908447265625 27.73699951171875 27.6959991455078125 27.694000244140625 27.688999176025390625 50.43000030517578125 50.46900177001953125 50.356998443603515625 50.147998809814453125 50.148998260498046875 50.23699951171875 49.768001556396484375 48.80699920654296875 25.47299957275390625 25.350999832153320312 25.2220001220703125 25.191999435424804688 24.559000015258789062 23.923000335693359375 23.770000457763671875 23.601999282836914062 20.340999603271484375 19.684999465942382812 19.495000839233398438 19.274000167846679688 17.753999710083007812
30.0279998779296875 28.457000732421875 27.697999954223632812 27.632999420166015625 27.59799957275390625 27.4720001220703125 27.33300018310546875 27.552000045776367188 54.435001373291015625 54.492000579833984375 54.518001556396484375 54.542999267578125 54.569000244140625 27.775999069213867188 27.7089996337890625 27.712999343872070312 27.6660003662109375 27.650999069213867188 27.75 27.670000076293945312 50.40399932861328125 50.522998809814453125 50.422000885009765625 50.41500091552734375 50.537998199462890625 50.050998687744140625 49.161998748779296875 25.52700042724609375 25.49900054931640625 25.322999954223632812 25.3209991455078125 25.349000930786132812 23.882999420166015625 23.68199920654296875 23.5410003662109375 20.711000442504882812 19.947999954223632812 19.711999893188476562 19.5 17.878999710083007812
30.11100006103515625 28.135999679565429688 27.788000106811523438 27.702999114990234375 27.680999755859375 27.56999969482421875 27.521999359130859375 27.625 54.48400115966796875 54.51300048828125 54.534000396728515625 54.55500030517578125 54.573001861572265625 54.59600067138671875 27.7779998779296875 27.731000900268554688 27.614000320434570312 27.586000442504882812 27.634000778198242188 27.58499908447265625 27.507999420166015625 27.6100006103515625 27.711999893188476562 27.801000595092773438 27.849000930786132812 27.90399932861328125 26.836000442504882812 25.656000137329101562 25.601999282836914062 25.426000595092773438 25.441999435424804688 25.603000640869140625 23.822999954223632812 23.618999481201171875 23.455999374389648438 21.954000473022460938 20.201000213623046875 19.961999893188476562 19.75 18.645999908447265625
29.966999053955078125 28.465000152587890625 27.94499969482421875 27.798000335693359375 27.771999359130859375 27.6660003662109375 27.608999252319335938 27.698999404907226562 54.5449981689453125 54.56999969482421875 54.5800018310546875 54.5800018310546875 54.590000152587890625 54.55300140380859375 27.738000869750976562 27.702999114990234375 27.593000411987304688 27.534000396728515625 27.5149993896484375 27.489000320434570312 50.198001861572265625 50.31999969482421875 50.38800048828125 50.438999176025390625 50.48600006103515625 50.4459991455078125 49.69699859619140625 25.698999404907226562 25.669000625610351562 25.48699951171875 25.534000396728515625 25.669000625610351562 23.767999649047851562 23.524000167846679688 23.364999771118164062 22.23699951171875 20.412000656127929688 20.18199920654296875 20.006000518798828125 19.15399932861328125
29.656999588012695312 28.285999298095703125 28.016000747680664062 27.794000625610351562 27.830999374389648438 27.743999481201171875 27.629999160766601562 27.767000198364257812 54.606998443603515625 54.56800079345703125 54.5670013427734375 54.578998565673828125 54.58100128173828125 54.516998291015625 54.453998565673828125 54.397998809814453125 27.538999557495117188 27.44300079345703125 27.384000778198242188 50.12599945068359375 50.0449981689453125 50.16899871826171875 50.162998199462890625 50.20600128173828125 50.186000823974609375 50.118000030517578125 49.26200103759765625 25.799999237060546875 25.707000732421875 25.604999542236328125 25.635000228881835938 25.81999969482421875 23.7089996337890625 23.436000823974609375 23.275999069213867188 22.815000534057617188 20.656000137329101562 20.392000198364257812 20.233999252319335938 19.84799957275390625
29.488000869750976562 28.8040008544921875 28.079999923706054688 27.936000823974609375 27.909999847412109375 27.816999435424804688 27.700000762939453125 27.829999923706054688 54.59999847412109375 54.615001678466796875 54.5579986572265625 54.604999542236328125 54.534000396728515625 54.4550018310546875 54.41699981689453125 54.282001495361328125 27.509000778198242188 27.343000411987304688 27.298000335693359375 50.019001007080078125 50.005001068115234375 49.938999176025390625 49.93199920654296875 49.957000732421875 49.8860015869140625 49.79199981689453125 48.965999603271484375 25.900999069213867188 25.73699951171875 25.68000030517578125 25.716999053955078125 25.895999908447265625 23.729000091552734375 23.350999832153320312 23.163000106811523438 22.872999191284179688 20.851999282836914062 20.599000930786132812 20.462999343872070312 20.18199920654296875
29.204000473022460938 28.544000625610351562 28.170999526977539062 27.989999771118164062 27.9850006103515625 27.885000228881835938 27.792999267578125 27.88800048828125 27.920999526977539062 27.922000885009765625 54.65599822998046875 54.550998687744140625 54.477001190185546875 54.396999359130859375 54.375 54.244998931884765625 27.351999282836914062 27.212999343872070312 27.201999664306640625 49.953998565673828125 49.88800048828125 49.76399993896484375 49.699001312255859375 49.701000213623046875 49.62400054931640625 49.493000030517578125 48.98400115966796875 25.974000930786132812 25.900999069213867188 25.746000289916992188 25.7649993896484375 25.877000808715820312 24.51300048828125 23.26300048828125 23.076000213623046875 22.865999221801757812 21.0410003662109375 20.815000534057617188 20.6790008544921875 20.563999176025390625
28.909999847412109375 28.475000381469726562 28.24900054931640625 28.072999954223632812 28.049999237060546875 27.947000503540039062 27.8899993896484375 28.065000534057617188 28.134000778198242188 28.009000778198242188 54.69699859619140625 54.466999053955078125 54.41500091552734375 54.34999847412109375 54.33100128173828125 27.437999725341796875 27.274000167846679688 27.143999099731445312 27.065999984741210938 27.007999420166015625 49.645000457763671875 49.564998626708984375 49.476001739501953125 49.425998687744140625 49.36199951171875 49.23799896240234375 49.042999267578125 26.034999847412109375 25.94300079345703125 25.795999526977539062 25.816999435424804688 25.90399932861328125 25.341999053955078125 23.169000625610351562 22.965999603271484375 22.76300048828125 21.2350006103515625 21.035999298095703125 20.906999588012695312 20.798999786376953125
28.517999649047851562 28.4160003662109375 28.2779998779296875 28.090000152587890625 28.090999603271484375 27.988000869750976562 27.812000274658203125 28.017000198364257812 27.978000640869140625 27.872999191284179688 27.760000228881835938 27.649000167846679688 27.533000946044921875 27.474000930786132812 27.344999313354492188 27.232000350952148438 27.163000106811523438 27.062999725341796875 26.974000930786132812 26.826000213623046875 26.797000885009765625 26.697000503540039062 26.607999801635742188 26.482000350952148438 26.36100006103515625 26.3339996337890625 26.211999893188476562 25.983999252319335938 25.830999374389648438 25.854999542236328125 25.881000518798828125 25.913999557495117188 25.158000946044921875 23.079999923706054688 22.86199951171875 22.636999130249023438 21.412000656127929688 21.280000686645507812 21.122999191284179688 21.024999618530273438
