input/fundem-8m-small.asc
ncols        21
nrows        13
xllcorner    524330.000000000000
yllcorner    5041198.000000000000
cellsize     8.000000000000
NODATA_value  -3.4028234663852885981e+38
 27.377000808715820312 26.892999649047851562 26.731000900268554688 51.714000701904296875 39.312000274658203125 51.782001495361328125 26.766000747680664062 65.13899993896484375 64.50800323486328125 64.33100128173828125 24.884000778198242188 24.520999908447265625 24.052999496459960938 18.018999099731445312 17.476999282836914062 16.280000686645507812 15.798000335693359375 15.52700042724609375 15.390999794006347656 16.507999420166015625 22.843000411987304688
 27.413000106811523438 27.107999801635742188 26.974000930786132812 51.9850006103515625 40.116001129150390625 27.242000579833984375 27.33499908447265625 65.3679962158203125 64.68599700927734375 64.490997314453125 25.023000717163085938 24.663000106811523438 24.01399993896484375 18.590000152587890625 17.7089996337890625 16.399000167846679688 15.845999717712402344 15.609000205993652344 15.1660003662109375 16.864000320434570312 22.746000289916992188
 27.849000930786132812 27.341999053955078125 27.129999160766601562 38.768001556396484375 27.604999542236328125 27.802000045776367188 27.76300048828125 27.552999496459960938 26.555999755859375 26.099000930786132812 25.2220001220703125 24.865999221801757812 23.91500091552734375 19.184999465942382812 18.266000747680664062 16.490999221801757812 15.918000221252441406 15.696000099182128906 15.104999542236328125 17.299999237060546875 20.658000946044921875
 28.910999298095703125 27.54000091552734375 27.344999313354492188 54.462001800537109375 54.608001708984375 27.746999740600585938 27.670000076293945312 50.444000244140625 50.095001220703125 49.800998687744140625 25.424999237060546875 25.16500091552734375 23.79199981689453125 19.823999404907226562 19.072000503540039062 16.586000442504882812 16.020000457763671875 15.79199981689453125 15.071000099182128906 17.773000717163085938 19.187000274658203125
 28.549999237060546875 27.742000579833984375 27.562000274658203125 54.520000457763671875 54.578998565673828125 27.7779998779296875 27.552999496459960938 33.200000762939453125 39.0839996337890625 39.241001129150390625 25.68000030517578125 25.495000839233398438 23.591999053955078125 20.59799957275390625 19.840000152587890625 16.773000717163085938 16.163000106811523438 15.9160003662109375 15.1660003662109375 18.063999176025390625 17.857000350952148438
 29.05500030517578125 27.94300079345703125 27.745000839233398438 54.63899993896484375 54.560001373291015625 54.395000457763671875 27.351999282836914062 50.00299835205078125 49.894001007080078125 49.773998260498046875 25.870000839233398438 25.732000350952148438 23.37400054931640625 21.3600006103515625 20.479999542236328125 17.091999053955078125 16.312999725341796875 16.0410003662109375 15.321000099182128906 17.12400054931640625 18.261999130249023438
 28.454000473022460938 28.0970001220703125 27.864000320434570312 27.919000625610351562 27.569000244140625 27.36199951171875 27.09600067138671875 26.832000732421875 26.618999481201171875 26.392000198364257812 25.881000518798828125 25.879999160766601562 23.158000946044921875 22.172000885009765625 21.072999954223632812 17.524000167846679688 16.461000442504882812 16.076999664306640625 15.491999626159667969 15.814000129699707031 18.957000732421875
 28.350999832153320312 28.186000823974609375 28.052000045776367188 27.84600067138671875 27.590999603271484375 27.34799957275390625 27.087999343872070312 26.851999282836914062 26.590999603271484375 26.350999832153320312 26.091999053955078125 25.954000473022460938 23.009000778198242188 22.200000762939453125 21.66699981689453125 18.313999176025390625 16.635000228881835938 15.98600006103515625 15.673000335693359375 15.5279998779296875 19.643999099731445312
 28.398000717163085938 28.274000167846679688 28.093999862670898438 27.871000289916992188 27.683000564575195312 27.43000030517578125 27.214000701904296875 26.997999191284179688 26.643999099731445312 43.3339996337890625 43.167999267578125 26.01300048828125 24.673000335693359375 21.8209991455078125 22.228000640869140625 20.920999526977539062 16.742000579833984375 16.108999252319335938 15.871000289916992188 15.22299957275390625 20.329000473022460938
 74.49500274658203125 28.226999282836914062 27.9459991455078125 28.09799957275390625 27.906000137329101562 27.676000595092773438 27.506000518798828125 27.37400054931640625 60.967998504638671875 60.508998870849609375 60.154998779296875 26.072000503540039062 25.926000595092773438 21.464000701904296875 22.83300018310546875 22.65200042724609375 16.892000198364257812 16.30699920654296875 16.062999725341796875 15.369999885559082031 17.625
 74.69699859619140625 28.284000396728515625 27.981000900268554688 28.15399932861328125 27.988000869750976562 27.819000244140625 27.561000823974609375 27.395000457763671875 61.0540008544921875 60.62400054931640625 60.2089996337890625 26.170999526977539062 26.177000045776367188 21.136999130249023438 23.072999954223632812 23.215999603271484375 17.4720001220703125 16.493000030517578125 16.201000213623046875 15.609000205993652344 16.16699981689453125
 74.98600006103515625 28.27899932861328125 28.076999664306640625 28.297000885009765625 28.107000350952148438 27.9290008544921875 27.702999114990234375 27.51300048828125 61.063999176025390625 60.658000946044921875 60.24700164794921875 26.225999832153320312 26.16500091552734375 20.798999786376953125 20.802999496459960938 23.756999969482421875 18.259000778198242188 16.677000045776367188 16.118999481201171875 15.845999717712402344 15.642999649047851562
 75.016998291015625 28.38800048828125 28.187000274658203125 44.560001373291015625 44.453998565673828125 44.358001708984375 44.106998443603515625 61.550998687744140625 61.161998748779296875 60.771999359130859375 60.328998565673828125 26.292999267578125 26.224000930786132812 21.757999420166015625 19.670000076293945312 24.270999908447265625 23.3600006103515625 16.74900054931640625 16.261999130249023438 16.076000213623046875 15.505999565124511719
