CA_model_OCC_220412-v2/clipped_raster_4m_big4.asc
ncols        389
nrows        360
xllcorner    523838.000000000000
yllcorner    5040458.000000000000
cellsize     4.000000000000
NODATA_value  -3.4028234663852885981e+38
[rows 216 to 233 of 360, columns 164 to 204 of 389]
25.23699951171875 24.434999465942382812 22.87599945068359375 21.340999603271484375 20.02700042724609375 17.229999542236328125 16.479000091552734375 16.659000396728515625 16.91500091552734375 17.194000244140625 17.496000289916992188 17.716999053955078125 17.733999252319335938 18.01399993896484375 18.905000686645507812 21.091999053955078125 23.325000762939453125 25.54000091552734375 26.218999862670898438 26.076999664306640625 25.950000762939453125 25.919000625610351562 25.797000885009765625 25.701999664306640625 25.549999237060546875 25.475000381469726562 38.881999969482421875 52.299999237060546875 25.533000946044921875 25.225000381469726562 25.13800048828125 25.048000335693359375 24.920999526977539062 24.868000030517578125 24.8040008544921875 24.649000167846679688 24.475000381469726562 24.186000823974609375 24.257999420166015625 24.22100067138671875 24.090999603271484375
25.48699951171875 24.881000518798828125 23.489000320434570312 22.00099945068359375 20.705999374389648438 18.19300079345703125 16.728000640869140625 16.628999710083007812 16.93199920654296875 17.197999954223632812 17.510999679565429688 17.812000274658203125 17.768999099731445312 18.076999664306640625 19.451999664306640625 21.354999542236328125 23.29000091552734375 25.271999359130859375 26.305999755859375 26.186000823974609375 25.947999954223632812 25.8899993896484375 25.895000457763671875 25.840000152587890625 25.768999099731445312 25.65200042724609375 25.468999862670898438 25.371999740600585938 25.3470001220703125 25.339000701904296875 25.313999176025390625 25.216999053955078125 25.104999542236328125 24.974000930786132812 24.913999557495117188 24.841999053955078125 24.593000411987304688 24.37599945068359375 24.395000457763671875 24.392999649047851562 24.15200042724609375
25.827999114990234375 25.384000778198242188 24.007999420166015625 22.670000076293945312 21.247999191284179688 19.538000106811523438 17.02899932861328125 16.621999740600585938 16.926000595092773438 17.20800018310546875 17.537000656127929688 17.84799957275390625 17.84799957275390625 18.063999176025390625 18.54000091552734375 19.768999099731445312 21.579999923706054688 23.413000106811523438 25.214000701904296875 26.2089996337890625 26.114999771118164062 25.9029998779296875 25.768999099731445312 25.667999267578125 25.697999954223632812 25.688999176025390625 25.662000656127929688 25.582000732421875 25.475999832153320312 25.311000823974609375 25.231000900268554688 25.211000442504882812 25.19300079345703125 25.117000579833984375 25.051000595092773438 24.909999847412109375 24.768999099731445312 24.6399993896484375 24.62599945068359375 24.542999267578125 24.240999221801757812
26.150999069213867188 25.884000778198242188 24.673000335693359375 23.256999969482421875 21.930999755859375 20.621000289916992188 17.745000839233398438 16.753999710083007812 16.9029998779296875 17.197999954223632812 17.559000015258789062 17.871999740600585938 17.95999908447265625 18.216999053955078125 18.66500091552734375 19.0970001220703125 19.565000534057617188 20.511999130249023438 23.131999969482421875 26.149000167846679688 26.302000045776367188 26.125 25.948999404907226562 25.774000167846679688 25.632999420166015625 25.479999542236328125 25.489999771118164062 25.565000534057617188 25.551000595092773438 25.510999679565429688 25.4290008544921875 25.284000396728515625 25.13800048828125 25.020999908447265625 25.033000946044921875 25.04199981689453125 24.879999160766601562 24.851999282836914062 24.784999847412109375 24.63899993896484375 24.433000564575195312
26.49900054931640625 26.614000320434570312 25.341999053955078125 23.854000091552734375 22.392000198364257812 21.010999679565429688 18.864999771118164062 17.002000808715820312 16.90399932861328125 17.229000091552734375 17.576999664306640625 17.892999649047851562 18.167999267578125 18.287000656127929688 18.594999313354492188 19.145999908447265625 19.680999755859375 20.134000778198242188 22.211000442504882812 25.771999359130859375 26.511999130249023438 26.363000869750976562 26.13800048828125 26.01300048828125 25.8600006103515625 25.565000534057617188 25.488000869750976562 25.36100006103515625 25.378000259399414062 25.420999526977539062 25.440999984741210938 25.424999237060546875 25.36100006103515625 25.231000900268554688 25.052000045776367188 24.951999664306640625 24.979999542236328125 25.009000778198242188 24.924999237060546875 24.73699951171875 24.785999298095703125
26.701000213623046875 27.066999435424804688 25.868000030517578125 24.38800048828125 23.118999481201171875 21.517999649047851562 19.642999649047851562 17.274000167846679688 16.927999496459960938 17.242000579833984375 17.607000350952148438 17.937999725341796875 18.26300048828125 18.511999130249023438 18.79199981689453125 19.066999435424804688 19.371999740600585938 19.951000213623046875 21.128999710083007812 25.3600006103515625 26.534999847412109375 26.642000198364257812 26.614000320434570312 26.577999114990234375 36.4980010986328125 66.8769989013671875 66.84100341796875 46.12799835205078125 25.419000625610351562 25.302999496459960938 25.225999832153320312 25.23699951171875 25.29000091552734375 25.322999954223632812 25.259000778198242188 25.216999053955078125 25.170000076293945312 25.122999191284179688 25 24.857999801635742188 24.863000869750976562
72.29900360107421875 27.47100067138671875 26.316999435424804688 24.787000656127929688 23.4850006103515625 21.962999343872070312 20.614000320434570312 17.724000930786132812 17.065000534057617188 17.25 17.632999420166015625 17.97100067138671875 18.2649993896484375 18.545999526977539062 18.83300018310546875 19.065999984741210938 19.292999267578125 19.743000030517578125 20.551000595092773438 23.544000625610351562 26.240999221801757812 26.9720001220703125 26.853000640869140625 26.875 66.9369964599609375 66.90000152587890625 66.86100006103515625 66.8000030517578125 66.71099853515625 66.6569976806640625 35.615001678466796875 25.243999481201171875 25.117000579833984375 25.104999542236328125 25.13800048828125 25.231000900268554688 25.232999801635742188 25.160999298095703125 25.059999465942382812 24.927999496459960938 24.850999832153320312
88.108001708984375 28.0149993896484375 26.697000503540039062 25.158000946044921875 23.893999099731445312 22.40399932861328125 21.31800079345703125 18.100000381469726562 17.3339996337890625 17.254999160766601562 17.658000946044921875 17.997999191284179688 18.283000946044921875 18.59600067138671875 18.879999160766601562 19.15399932861328125 19.417999267578125 19.72299957275390625 20.69300079345703125 23.399000167846679688 26.087999343872070312 27.156999588012695312 27.090999603271484375 27.004999160766601562 66.9940032958984375 66.9380035400390625 66.8509979248046875 66.77899932861328125 66.75800323486328125 66.7389984130859375 66.64600372314453125 66.61199951171875 56.20600128173828125 25.19300079345703125 25.075000762939453125 25.121999740600585938 25.200000762939453125 25.183000564575195312 25.079999923706054688 24.978000640869140625 24.856000900268554688
88.0260009765625 28.75099945068359375 27.281999588012695312 25.659000396728515625 24.31999969482421875 22.91500091552734375 21.607999801635742188 18.812999725341796875 17.649000167846679688 17.270000457763671875 17.645999908447265625 17.982999801635742188 18.343000411987304688 18.635999679565429688 18.9290008544921875 19.228000640869140625 19.434999465942382812 19.753000259399414062 20.636999130249023438 24.229000091552734375 25.8899993896484375 27.104000091552734375 27.419000625610351562 46.898998260498046875 66.970001220703125 25.6790008544921875 25.658000946044921875 56.548000335693359375 66.83300018310546875 66.81400299072265625 66.7870025634765625 66.67400360107421875 66.621002197265625 25.27899932861328125 25.134000778198242188 25.18000030517578125 25.215000152587890625 25.125 24.919000625610351562 24.843999862670898438 24.832000732421875
88.74500274658203125 44.342998504638671875 27.965999603271484375 25.952999114990234375 24.662000656127929688 23.3209991455078125 22.191999435424804688 19.756000518798828125 17.896999359130859375 17.343000411987304688 17.655000686645507812 18.072999954223632812 18.38800048828125 18.656000137329101562 18.961000442504882812 19.256000518798828125 19.51399993896484375 19.822999954223632812 20.658000946044921875 23.319000244140625 25.547000885009765625 26.964000701904296875 27.673999786376953125 67.13700103759765625 67.2089996337890625 67.0059967041015625 25.733999252319335938 25.714000701904296875 25.6959991455078125 46.284000396728515625 66.87000274658203125 66.81800079345703125 35.851001739501953125 25.384000778198242188 25.229000091552734375 25.31999969482421875 25.301000595092773438 25.09799957275390625 24.843999862670898438 24.829000473022460938 24.690999984741210938
89.3939971923828125 29.408000946044921875 28.420000076293945312 26.336999893188476562 25.003000259399414062 23.677999496459960938 22.451000213623046875 20.7350006103515625 18.1790008544921875 17.47299957275390625 17.74900054931640625 18.059000015258789062 18.36199951171875 18.700000762939453125 19.034999847412109375 19.295000076293945312 19.599000930786132812 19.913000106811523438 20.686000823974609375 22.219999313354492188 25.66699981689453125 26.90200042724609375 27.905000686645507812 68.572998046875 67.9290008544921875 67.67800140380859375 67.42800140380859375 67.180999755859375 46.397998809814453125 66.964996337890625 66.9459991455078125 66.92600250244140625 25.62400054931640625 25.503999710083007812 25.424999237060546875 25.413999557495117188 25.38899993896484375 25.09799957275390625 24.988000869750976562 31.104000091552734375 30.948999404907226562
74.41400146484375 29.371999740600585938 28.511999130249023438 26.97299957275390625 25.510000228881835938 24.066999435424804688 22.97100067138671875 21.466999053955078125 18.457000732421875 17.65200042724609375 17.780000686645507812 18.104999542236328125 18.420999526977539062 18.70800018310546875 19.003999710083007812 19.336000442504882812 19.672000885009765625 19.997999191284179688 20.614000320434570312 21.823999404907226562 26.0410003662109375 26.77899932861328125 58.926998138427734375 58.757999420166015625 68.64800262451171875 68.39800262451171875 68.14800262451171875 67.897003173828125 67.64600372314453125 67.39600372314453125 67.15899658203125 46.411998748779296875 25.75 25.607000350952148438 25.607000350952148438 25.5970001220703125 25.468000411987304688 25.149000167846679688 25.18000030517578125 31.212999343872070312 31.091999053955078125
29.207000732421875 29.239999771118164062 28.641000747680664062 27.131999969482421875 25.72299957275390625 24.413999557495117188 23.190999984741210938 21.863000869750976562 18.743000030517578125 17.867000579833984375 17.947999954223632812 18.158000946044921875 18.4290008544921875 18.75 19.06999969482421875 19.377000808715820312 19.753000259399414062 20.100000381469726562 20.548999786376953125 21.635000228881835938 24.990999221801757812 26.65399932861328125 27.975999832153320312 28.177000045776367188 27.938999176025390625 37.97100067138671875 68.5989990234375 68.345001220703125 68.0839996337890625 67.832000732421875 67.55999755859375 26.076999664306640625 25.864999771118164062 25.753999710083007812 25.770000457763671875 25.754999160766601562 25.542999267578125 25.356000900268554688 28.392999649047851562 31.330999374389648438 31.159000396728515625
29.281999588012695312 29.233999252319335938 28.198999404907226562 26.867000579833984375 25.66500091552734375 24.555999755859375 23.353000640869140625 22.0279998779296875 19.43199920654296875 18.322999954223632812 18.40399932861328125 18.516000747680664062 18.659000396728515625 18.857999801635742188 19.093999862670898438 19.468999862670898438 19.839000701904296875 20.194000244140625 20.631000518798828125 22.091999053955078125 24.75099945068359375 26.399999618530273438 69.13700103759765625 111.01599884033203125 110.9120025634765625 48.467998504638671875 27.468000411987304688 27.197999954223632812 68.141998291015625 67.858001708984375 67.56999969482421875 26.091999053955078125 25.976999282836914062 25.906000137329101562 25.936000823974609375 25.877000808715820312 25.587999343872070312 25.51300048828125 31.5540008544921875 31.436000823974609375 31.322999954223632812
29.259000778198242188 29.086000442504882812 28.00099945068359375 27.108999252319335938 26.22299957275390625 25.229000091552734375 23.968999862670898438 22.344999313354492188 20.065000534057617188 19.075000762939453125 19.02899932861328125 19.048000335693359375 19.075000762939453125 19.145999908447265625 19.238000869750976562 19.555999755859375 19.924999237060546875 20.274999618530273438 20.715999603271484375 21.659999847412109375 24.700000762939453125 26.044000625610351562 89.69699859619140625 110.65899658203125 110.7239990234375 110.529998779296875 110.3379974365234375 110.1439971923828125 109.94000244140625 68.0619964599609375 36.756999969482421875 26.188999176025390625 26.048000335693359375 26.127000808715820312 26.099000930786132812 25.952999114990234375 25.672000885009765625 25.656999588012695312 31.743999481201171875 31.628000259399414062 31.51300048828125
29.197000503540039062 29.173999786376953125 28.593000411987304688 27.707000732421875 26.843000411987304688 25.950000762939453125 24.808000564575195312 23.378999710083007812 21.954999923706054688 20.934000015258789062 20.231000900268554688 19.566999435424804688 19.25099945068359375 19.284000396728515625 19.3339996337890625 19.621999740600585938 19.993999481201171875 20.349000930786132812 20.759000778198242188 21.70999908447265625 23.815000534057617188 25.968999862670898438 68.8300018310546875 110.569000244140625 110.51599884033203125 110.3430023193359375 110.15000152587890625 109.95600128173828125 109.7649993896484375 109.60399627685546875 26.483999252319335938 26.330999374389648438 26.23600006103515625 26.275999069213867188 26.238000869750976562 25.975999832153320312 25.826000213623046875 30.47100067138671875 31.940000534057617188 31.825000762939453125 31.7089996337890625
29.257999420166015625 29.22100067138671875 29.173999786376953125 28.30699920654296875 27.457000732421875 26.648000717163085938 25.601999282836914062 24.768999099731445312 23.766000747680664062 22.9589996337890625 22.31999969482421875 21.614999771118164062 20.910999298095703125 20.20800018310546875 19.562999725341796875 19.7089996337890625 20.079999923706054688 20.440000534057617188 20.843999862670898438 21.783000946044921875 23.882999420166015625 25.825000762939453125 27.135999679565429688 110.51399993896484375 110.4010009765625 110.2050018310546875 110.07599639892578125 109.9550018310546875 109.81999969482421875 109.68599700927734375 26.56999969482421875 26.521999359130859375 26.434000015258789062 26.430999755859375 26.3040008544921875 26.025999069213867188 25.983999252319335938 32.187999725341796875 32.1360015869140625 32.020999908447265625 31.906000137329101562
29.54000091552734375 29.341999053955078125 29.417999267578125 28.906000137329101562 28.104999542236328125 27.440000534057617188 26.4589996337890625 26.194000244140625 25.483999252319335938 24.871999740600585938 24.408000946044921875 23.702999114990234375 23 22.099000930786132812 20.002000808715820312 19.8339996337890625 20.177000045776367188 20.548000335693359375 20.923000335693359375 21.891000747680664062 23.941999435424804688 25.636999130249023438 27.069000244140625 27.815000534057617188 48.215000152587890625 110.227996826171875 110.12200164794921875 110.01799774169921875 109.9219970703125 26.844999313354492188 26.691999435424804688 26.62400054931640625 26.6100006103515625 26.576000213623046875 26.375 26.177000045776367188 35.74700164794921875 38.86100006103515625 32.33100128173828125 32.217998504638671875 32.091999053955078125
