CA_model_OCC_220412-v2/clipped_raster_4m_big3.asc
ncols        389
nrows        360
xllcorner    523838.000000000000
yllcorner    5040458.000000000000
cellsize     4.000000000000
NODATA_value -9999
[rows 272 to 305 of 360, columns 154 to 230 of 389]
90749 90492 49148 35280 35092 35110 35101 35039 34430 33686 30605 25227 24287 24128 24213 24269 24346 24235 24272 24373 24475 24467 25286 27509 31157 32402 33546 33399 33271 33121 32772 32903 112968 112557 111410 70267 30830 51929 58554 31127 31145 31162 31174 111269 137763 137461 137283 137108 83363 29493 29406 29244 28979 28795 28795 105860 105660 105480 105345 105011 85447 27243 27056 26896 26597 26509 26375 26209 26023 25874 25653 25634 25481 25376 25140 24906 24939
90970 90688 35399 35224 35202 35171 35094 35132 34140 32594 28396 25077 24229 24316 24380 24426 24623 24428 24459 24557 24550 24747 25540 29330 31595 32911 33679 33500 33382 33139 32962 93290 112356 111452 110843 110649 110474 110722 51144 31103 31066 31122 31169 138186 137907 137606 137376 137227 29857 29659 29592 29428 29114 29023 106172 106022 105905 105789 105584 105089 104787 104521 65574 26904 26663 26482 26349 26217 26048 25907 25787 25652 25528 25385 25200 25055 25083
36065 77137 35433 35313 35343 35273 35085 35077 34014 32781 26494 24820 24383 24497 24538 24612 24905 24573 24584 24700 24654 25388 27278 30897 32091 33239 33865 33625 33482 33184 33214 113315 112563 111813 111438 111215 111017 110763 110746 110839 91313 31170 58004 138190 137996 137751 137477 137293 29893 29810 29728 29553 29238 29218 106453 106338 106222 106106 105772 105254 104853 104554 27033 26855 26757 26584 26409 26243 26065 25934 25801 25655 25503 25387 25232 25059 24999
63578 35692 35496 35440 35439 35314 35149 34961 33899 30230 25682 24557 24527 24617 24645 24824 24782 24695 24735 24799 24815 25759 29580 31466 32731 33727 34017 33760 33564 33330 53422 113590 112925 112239 111972 111783 111561 111365 111236 111195 111334 111576 111514 124749 138017 137813 137591 57021 29999 29989 29859 29605 29405 68057 106748 106654 29285 67791 105956 105438 104951 104621 27192 27086 26892 26691 26493 26334 26146 25970 25828 25644 25486 25335 25218 25076 24834
90902 35675 35503 35576 35541 35311 35286 35107 33671 29974 25753 24585 24688 24703 24758 24874 24789 24804 24868 24864 25294 26427 30762 32097 33457 34149 34006 33839 33645 33626 113883 113796 113289 112816 112514 112348 112047 111888 111720 111717 111664 111870 111644 111441 111247 111039 84092 30318 30177 30127 29966 29673 29597 107032 106986 106972 29602 68027 106141 105622 66478 27482 27402 27223 27012 26813 26655 26367 26191 26034 25835 25636 25472 25321 25170 25028 24849
63346 35705 35628 35692 35620 35359 35357 34976 33212 28952 25039 24747 24812 24870 24907 24881 24847 24857 24915 24929 25780 28456 31372 32720 34022 34101 33991 33853 33697 33722 33799 53754 113664 113342 113095 112908 112601 112271 112090 112097 111965 112072 111812 111547 111361 111184 30637 30375 30328 30247 30040 29816 29857 107387 107240 68655 29920 106843 106325 105827 27986 27652 27597 27363 27141 26989 26645 26433 26255 26055 25956 25617 25465 25283 25238 49231 24992
35883 35753 35777 35772 35666 35452 35174 34056 29017 25889 24872 24925 24959 25009 25043 24980 24993 24988 24969 24998 25889 30509 31985 33292 34145 34043 33934 33838 33708 33612 33643 33564 33497 33378 73488 113428 112989 112762 112476 112365 112246 112244 111979 111710 111453 91188 30741 30522 30477 30347 30103 30001 30114 30246 30273 30274 30236 107074 106646 106135 28007 27871 27728 27476 27352 27062 26775 26561 26375 26192 25821 25662 25487 25348 25412 73377 73153
35967 35822 35918 35875 35691 35625 34949 32440 27084 25487 24962 25071 25107 25154 25173 25121 25102 25092 24995 25455 26444 31273 32364 33404 34181 34027 33894 33752 33629 33452 33363 33249 33216 33234 33178 33144 32996 93040 112873 112639 112549 112415 112147 111879 111608 31012 30814 30696 30635 30463 30179 30219 30323 30323 30303 30317 30332 49666 107374 48503 28181 28093 27898 27621 27489 27109 26902 26827 26486 26186 25897 25751 25537 25470 61669 73514 73346
35973 35973 36022 35946 35726 35637 33881 30113 26460 25236 25151 25211 25251 25298 25272 25239 25199 25183 25071 25880 27897 32005 32971 33877 34253 34052 33877 33733 33679 33497 33278 33144 33061 32952 32823 32772 32804 32791 32681 52636 112781 112582 112297 111968 111615 31098 30843 30839 30744 30550 30411 30441 30457 30413 30377 30341 30327 30367 30345 29735 28386 36540 33601 27841 27584 27296 27159 26882 26601 26215 26064 25854 25622 25698 73895 73768 73642
36017 36087 36108 35973 35807 35430 33669 27881 26117 25208 25318 25360 25396 25449 25379 25333 25299 25218 25224 26165 29609 32559 33735 34328 34217 34103 33924 33887 33822 33622 33429 33256 33042 32873 32763 32631 32512 32442 32418 32433 32332 32234 72171 112120 71641 31232 30978 30938 30812 30572 30630 51567 37537 30462 30409 30392 30354 30385 30417 29444 28582 39388 28152 28046 27639 27463 27243 26948 26697 26460 26255 25986 25775 25969 60004 74023 73880
36124 36225 36170 35993 35969 35227 32409 26696 25679 25364 25469 25498 25542 25564 25469 25427 25383 25211 25824 26756 31292 33077 34180 34498 34287 34171 33948 34018 33953 33763 33508 33203 33171 33013 32773 32547 32412 32308 32171 32092 32048 32070 31917 31864 31674 31384 31099 31013 30859 30714 30814 58684 58599 58503 51382 30427 30427 30430 30412 28893 28755 28536 28334 28154 27798 27598 27382 27146 26853 26734 26456 26142 26012 48419 55667 50711 45765
36291 36319 36246 36021 35954 34762 32540 26466 25566 25558 25606 25656 25685 25658 25586 25518 25444 25337 26040 28234 31996 33763 34591 34566 34371 34198 34064 34169 52392 70536 70324 42435 32445 32428 32892 32729 32478 32257 32083 31988 31879 31774 31664 31676 31575 31379 31187 31060 30893 30991 37946 58832 58732 58608 44551 30531 30534 30514 30228 28961 28868 28652 28520 28213 27975 27812 27545 27322 27144 27018 26655 26294 26347 55934 55764 55608 55503
36436 36407 36270 36236 35685 34453 29886 26312 25580 25716 25744 25796 25840 25757 25667 25600 25458 25725 26503 29892 33070 34288 34761 34580 34455 34228 34277 34322 70947 70679 70186 69689 69436 60236 32654 32582 32464 32434 32244 32084 31843 31651 31560 31481 31390 31296 31206 31091 31006 31099 58992 58957 58859 58728 30528 50433 57042 57023 29556 29092 28934 28723 28628 28251 28109 28062 27670 27542 27519 27259 26906 26621 34059 56100 55821 55679 55602
36522 36475 36304 36298 35333 34152 28080 26099 25792 25872 25902 25947 25940 25855 25758 25681 25472 26096 27742 32149 33654 34840 34834 34642 34486 34296 34435 34595 70941 70435 69930 69424 69144 59817 32221 32181 32224 32304 32516 32238 31997 31813 31583 31416 31336 31261 31183 31092 30997 31046 30980 30933 44867 58652 30481 57011 56978 56877 29267 29154 28994 28806 28707 28364 28239 28164 27916 27791 27821 27481 27127 27031 56200 56183 55896 55760 55693
36608 36508 36502 36134 34910 32441 26857 25909 25984 26022 26066 26105 26039 25948 25855 25733 25672 26455 30500 32844 34098 35082 34867 34718 34527 34461 34546 61957 70584 70087 69626 69155 68711 31737 31736 31760 32175 32761 33051 32780 32368 31994 31712 31542 31315 31212 31124 31055 30974 30874 30742 30663 30640 30514 30403 30359 37029 43466 29314 29219 29051 28887 28782 28479 28381 28315 28188 28087 28018 27644 27290 27246 56351 56020 55700 48214 33590
36641 36552 36653 35670 34149 28472 26540 26048 26146 26174 26220 26247 26143 26013 25939 25755 26048 27051 31147 33451 34706 35189 34934 34760 34607 34624 34646 71058 70457 69887 69289 68692 68151 31314 31284 31366 32953 33490 33566 33329 32919 32285 31819 31625 31326 31248 31110 30985 30919 30791 30684 30570 30416 30304 30200 30098 30024 29877 29415 29237 29107 28935 28885 28579 28500 28434 28355 28345 28116 27722 27451 42078 56543 56250 55948 55493 55469
36677 36579 36602 36162 33701 27346 26307 26248 26306 26320 26374 26358 26248 26128 26020 25840 26538 28458 32758 34104 35162 35225 35011 34805 34651 34775 43911 71467 71273 70663 70023 69381 51465 32447 31000 33058 34260 34216 34112 33843 33378 32569 31971 31701 31488 31361 31172 31210 31176 30957 30687 30454 30322 30189 30047 29848 29797 29632 29312 29216 29185 29035 28969 28696 28612 28574 28428 28463 28167 27804 27648 38102 37898 51765 41485 55457 55468
36687 36641 36540 36461 32797 27371 26333 26408 26450 26494 26535 26455 26341 26229 26070 26172 26842 30702 33386 34643 35513 35221 35072 34890 34861 34950 71617 71503 71481 71423 70965 70337 34622 34662 34656 34662 34663 34654 34622 34403 33651 32622 32156 31898 31701 31549 31362 31441 31250 31081 30859 30640 30429 30122 29930 29789 29640 29523 29388 29209 29161 29080 28951 28841 28693 28643 28603 28464 28161 27863 27862 38403 38480 38264 27099 44954 26156
36654 36619 36566 36467 32669 27680 26570 26624 26618 26642 26667 26552 26431 26316 26077 26578 27527 32118 34090 35233 35518 35264 35091 34916 35006 35479 72160 71937 71706 71522 71471 71381 34655 34635 34622 34607 34635 34659 34671 34685 34587 32525 32235 32053 31938 31761 31628 31610 31442 31237 31002 30755 30487 30313 30071 29876 29572 29393 29309 29224 29126 29041 28900 28862 28768 28662 28604 28458 28179 28092 35957 38673 38797 38913 32951 64104 63812
36623 36524 36494 35031 30515 26822 26741 26789 26846 26871 26816 26655 26534 26398 26233 26929 30212 33072 34463 35261 35475 35311 35162 35043 35169 54013 72257 72099 71934 71730 71542 53064 34646 34626 34599 34587 34617 34625 34661 34678 34568 32615 32371 32226 32139 31931 31869 31710 31538 31377 31157 31024 30787 30513 30267 36583 36373 29597 29314 29127 29058 28985 28916 28828 28755 28667 28568 28470 28306 28333 38730 38757 38862 38758 51916 64602 64225
36747 36645 36579 29965 28181 26852 26924 26939 26991 27006 26873 26789 26709 26484 26695 27400 32282 33474 34523 35172 35495 35373 35217 35236 35472 72330 72157 71983 71836 71708 71558 34679 34661 34639 34619 34593 34594 34615 34668 34674 33341 32767 32487 32464 32305 32052 32084 31918 31616 31585 31470 31274 31063 30832 30773 56944 56295 56151 49380 29377 29063 28902 28805 28787 28709 28618 28534 28449 28318 28353 28352 36174 38701 38537 65116 64766 64425
36824 36593 35495 28074 27166 26978 27080 27109 27152 27061 26990 26927 26783 26582 27404 29171 32681 33812 34841 35485 35566 35414 35287 35380 35565 72093 72105 71927 71749 71571 71484 34697 34666 34659 34616 34634 34616 34629 34680 34712 33079 32823 32757 32647 32438 32232 32334 32071 31765 31744 31676 31512 31275 31086 31078 57145 56763 56405 56133 55883 55768 42372 28928 28766 28693 28584 28487 28384 28301 28186 28168 28023 28002 30504 36965 64643 64575
36714 36468 34217 27883 27123 27154 27146 27197 27235 27181 27115 27044 26861 26977 27801 30647 33204 34179 35254 35698 35613 35477 35427 35458 62744 71813 71948 71875 71707 71575 34700 34673 34647 34603 34653 34668 34673 34677 34674 34206 33225 32987 32933 32787 32550 32504 32350 32177 31946 31858 31775 31611 31419 31301 44511 57325 57022 56738 56429 56117 55900 55698 42256 28906 28717 28616 28462 28295 28220 28071 28037 27926 27848 27701 27593 27390 27323
36432 36100 30301 27723 27222 27317 27374 27407 27384 27302 27235 27137 26941 27550 28747 32059 33707 34647 35626 35743 35647 35538 35498 35528 35118 43832 71483 71732 71696 71520 34676 34633 34611 34631 34643 34635 34647 34681 34659 33833 33391 33132 33103 32936 32710 32804 32520 32296 32144 32049 31866 31772 31621 31532 57866 57562 57250 56939 56628 56316 56010 55876 29225 28975 28768 28669 28453 28323 28279 28091 27923 27826 27753 27631 27452 27348 27211
36116 35594 28375 27540 27467 27546 27579 27600 27595 27441 27357 27212 27240 28010 30336 33153 34212 35140 35799 35785 35678 35615 35510 35508 35514 35358 35054 34844 53050 53072 34600 34592 34578 34584 34615 34619 34597 34680 34687 33667 33489 33384 33262 33077 32929 32888 32558 32378 32246 32190 32070 31933 31817 31804 57988 57724 57445 57138 56827 56516 56183 55998 29341 29060 28909 28807 28550 28551 28670 28354 28081 27854 27593 27456 27330 27204 27035
35660 32907 28420 27812 27656 27739 27716 27766 27629 27508 27399 27246 27536 28381 31866 33771 34670 35488 35811 35803 35749 35646 35624 35552 35475 35358 35412 35378 35128 34672 34613 34572 34571 34625 34611 34605 34521 34678 34142 33844 33563 33539 33425 33218 33188 32930 32637 32486 32356 32275 32210 32130 32065 58371 58114 57818 57560 57306 57025 56715 56396 36319 29452 29183 29121 28960 28830 28856 29084 28937 28492 27865 27699 27497 27276 27036 26915
34690 32521 28163 27823 27787 27810 27858 27893 27754 27627 27512 27300 27920 28905 32906 34217 35260 35795 35837 35825 35726 35610 35622 35578 35536 35460 35384 35310 35264 35053 34818 34703 34714 34739 34634 34579 34650 34692 34182 33950 33787 33734 33579 33400 33424 32784 32597 32516 32467 32429 32350 32277 32223 58363 58165 57938 57675 57394 57136 56882 56604 29909 29550 29380 29366 29144 29111 81369 98926 64035 28636 27449 27696 27719 27328 27167 26911
33999 30393 27921 27917 27962 27986 28016 27975 27857 27738 27597 27494 28326 30399 33594 34923 35987 35995 35927 35818 35644 35637 35544 35503 35510 35472 35405 35400 35315 35221 35113 35113 35062 35039 34843 34627 34665 34634 34352 34063 34009 33916 33707 33652 33239 32557 32511 32513 32500 32466 32413 32350 45491 58342 58123 57909 57694 80214 148179 147908 72830 30069 29685 29612 29587 29325 29330 99016 98876 98081 97306 97301 45200 27533 26146 26734 26753
31991 28600 28002 28096 28117 28155 28195 28084 27962 27849 27654 27883 28647 32445 34133 35535 36285 36052 36006 35829 35795 62996 56108 35590 35498 35398 35399 35350 35323 35309 35215 35100 35039 34914 34862 34883 34733 34706 34508 34221 34172 34067 33785 33883 32613 32527 32525 32525 32516 32462 32413 32306 149587 103794 58082 57867 57654 148387 148173 147966 30386 30136 29879 29871 29788 29528 46967 98818 98105 97576 97403 97476 97629 96473 78310 26007 25991
29299 28455 28209 28269 28293 28309 28314 28199 28069 27959 27747 29165 29843 33443 34748 35962 36330 36149 36049 35841 35899 63068 62990 62922 62823 49141 35384 35321 35273 35261 35173 35176 35107 35011 34912 34825 34760 34675 34501 34421 34372 34186 34050 34045 32610 32530 32536 32519 32492 32436 32404 32371 149542 149233 149011 126090 148650 148478 148306 148133 30545 30181 30094 30125 29925 29757 99396 98854 98471 98345 98346 98289 98059 97371 96497 95682 95394
29096 28351 28401 28434 28465 28486 28429 28324 28197 28037 28000 29053 31776 34093 35478 36400 36342 36245 36083 35983 63200 63157 63061 62966 62869 62827 60213 60038 41517 35235 35136 35113 35101 35074 35015 34954 34835 34740 34674 34607 34529 34330 34321 33270 32628 32543 32528 32492 32457 32439 32406 91077 149491 149375 149173 148981 148784 148569 148357 89497 30619 30386 30334 30287 30014 29981 99475 99174 99085 98907 98652 98395 98150 97384 96573 95880 95394
28913 28486 28582 28602 28620 28623 28544 28429 28308 28089 28412 29283 33224 34658 36002 36598 36406 36305 36095 36116 63283 63186 63096 63006 62911 62894 60853 60059 60000 59935 66523 35214 35057 34980 35008 34937 34902 34837 34808 34765 34652 34449 34367 34142 33007 32578 32540 32503 32456 32446 32452 149773 149693 149562 149341 149151 148961 148769 148576 30951 30728 30611 30596 30421 30190 47641 99744 99507 99250 98994 98737 98481 98202 97398 96587 96335 96419
28726 28694 28753 28769 28783 28764 28661 28538 28410 28205 29526 30803 33895 35266 36379 36638 36461 36283 36182 43039 63388 63243 63141 63055 62979 62875 60186 60151 60099 60030 111231 111170 111126 73120 35060 34917 34873 34907 34890 34830 34726 34558 34397 34224 34085 34000 33434 32666 32514 32457 32473 149960 149921 149729 149509 149319 149129 148939 148749 31164 30872 30820 30815 30547 30434 100160 99849 99593 99336 99079 98822 98585 98223 97412 96732 96817 96966
28763 28871 28897 28922 28948 28860 28750 28647 28465 28641 29863 32687 34442 35777 36689 36645 36518 36377 36423 63598 63666 63472 63289 63126 63003 62275 60309 60183 60136 60088 111357 111306 111199 111165 111039 92026 34886 34883 34897 34827 34687 34579 34467 34304 34090 33913 33794 33700 33525 32913 62041 150190 150149 149893 149677 149488 149297 149102 31514 31339 31196 31066 30960 30660 30631 100193 99936 99678 99422 99164 98908 98738 98238 97427 97181 97299 97418
