CA_model_OCC_220412-v2/clipped_raster_4m_big4.asc
ncols        389
nrows        360
xllcorner    523838.000000000000
yllcorner    5040458.000000000000
cellsize     4.000000000000
NODATA_value  -3.4028234663852885981e+38
[rows 36 to 53 of 360, columns 164 to 204 of 389]
46.0839996337890625 76.0019989013671875 75.93900299072265625 75.897003173828125 75.79199981689453125 75.68599700927734375 75.57900238037109375 98.4720001220703125 121.36699676513671875 121.26399993896484375 121.1620025634765625 121.05999755859375 120.957000732421875 120.85500335693359375 120.76200103759765625 120.70999908447265625 14.687999725341796875 14.604999542236328125 14.628000259399414062 14.4160003662109375 22.069000244140625 29.798999786376953125 29.732000350952148438 25.937000274658203125 29.663999557495117188 29.5709991455078125 29.493000030517578125 29.363000869750976562 30.885000228881835938 30.8470001220703125 30.80699920654296875 30.781999588012695312 30.77700042724609375 30.766000747680664062 30.770999908447265625 22.424999237060546875 13.149000167846679688 12.925000190734863281 12.887000083923339844 12.977000236511230469 13.04199981689453125
16.135000228881835938 76.04399871826171875 75.98799896240234375 75.91100311279296875 75.8690032958984375 75.76599884033203125 75.660003662109375 75.5540008544921875 121.44699859619140625 121.34400177001953125 121.24199676513671875 121.14099884033203125 121.03800201416015625 120.94499969482421875 120.88700103759765625 120.79599761962890625 14.730999946594238281 14.656999588012695312 14.680999755859375 14.51399993896484375 14.600999832153320312 14.605999946594238281 14.5839996337890625 22.120000839233398438 29.733999252319335938 29.582000732421875 29.503000259399414062 29.371999740600585938 30.871000289916992188 30.844999313354492188 30.843999862670898438 30.844999313354492188 30.843999862670898438 30.827999114990234375 30.808000564575195312 22.409000396728515625 13.1529998779296875 12.960000038146972656 12.923999786376953125 13.034999847412109375 13.085000038146972656
16.190999984741210938 76.0879974365234375 76.0319976806640625 75.9759979248046875 75.88700103759765625 75.83499908447265625 75.740997314453125 75.63500213623046875 121.52700042724609375 121.4250030517578125 121.32199859619140625 121.22100067138671875 121.12999725341796875 121.06099700927734375 120.98000335693359375 120.8730010986328125 14.831999778747558594 14.720999717712402344 14.73600006103515625 14.524000167846679688 14.616000175476074219 14.607000350952148438 14.508999824523925781 14.484999656677246094 14.524000167846679688 14.456000328063964844 14.303999900817871094 14.133000373840332031 30.815000534057617188 30.7779998779296875 30.754999160766601562 30.732999801635742188 30.711000442504882812 30.688999176025390625 30.663000106811523438 22.141000747680664062 13.128999710083007812 12.993000030517578125 12.963000297546386719 13.074000358581542969 52.345001220703125
16.216999053955078125 76.108001708984375 76.08899688720703125 76.02500152587890625 75.9629974365234375 75.865997314453125 75.802001953125 75.714996337890625 121.608001708984375 121.5059967041015625 121.4029998779296875 121.31400299072265625 121.23600006103515625 121.16100311279296875 121.06400299072265625 120.9369964599609375 14.862000465393066406 14.774000167846679688 14.798000335693359375 14.58300018310546875 14.651000022888183594 14.633999824523925781 14.480999946594238281 14.407999992370605469 14.366999626159667969 14.326000213623046875 14.262999534606933594 14.185000419616699219 30.80699920654296875 30.70800018310546875 30.62400054931640625 30.590999603271484375 30.569000244140625 30.545000076293945312 30.465999603271484375 21.84600067138671875 13.154000282287597656 13.034000396728515625 12.989000320434570312 13.079999923706054688 32.69499969482421875
16.266000747680664062 76.194000244140625 76.12000274658203125 76.09100341796875 76.01999664306640625 75.9499969482421875 75.84999847412109375 75.77500152587890625 121.68900299072265625 121.58699798583984375 121.49900054931640625 121.41500091552734375 121.322998046875 121.2239990234375 121.14800262451171875 121.05699920654296875 14.901000022888183594 14.836000442504882812 14.845999717712402344 14.640000343322753906 14.739000320434570312 14.66699981689453125 14.54199981689453125 14.428000450134277344 14.345000267028808594 14.289999961853027344 14.204000473022460938 14.135000228881835938 30.757999420166015625 30.677999496459960938 30.604999542236328125 30.503999710083007812 30.427000045776367188 30.365999221801757812 30.228000640869140625 25.8600006103515625 13.149000167846679688 13.079999923706054688 13.022000312805175781 13.012000083923339844 32.574001312255859375
16.294000625610351562 76.272003173828125 76.17400360107421875 76.13800048828125 76.0930023193359375 76.003997802734375 75.9380035400390625 45.813999176025390625 68.73999786376953125 68.65599822998046875 68.53600311279296875 68.37000274658203125 68.3280029296875 68.2559967041015625 68.1719970703125 68.089996337890625 14.994999885559082031 14.876999855041503906 14.894000053405761719 14.701000213623046875 14.704000473022460938 14.696999549865722656 14.560999870300292969 14.43000030517578125 14.329000473022460938 14.248000144958496094 14.211000442504882812 14.064999580383300781 13.982999801635742188 13.883000373840332031 13.765000343322753906 13.6660003662109375 13.562999725341796875 13.519000053405761719 13.442999839782714844 13.284000396728515625 13.128999710083007812 13.062999725341796875 13.012999534606933594 12.95800018310546875 12.880999565124511719
16.27700042724609375 16.260999679565429688 16.121999740600585938 16.055999755859375 16.011999130249023438 15.93000030517578125 15.795000076293945312 15.661000251770019531 15.534999847412109375 15.449999809265136719 15.352999687194824219 15.269000053405761719 15.189999580383300781 15.069000244140625 15.031000137329101562 15.064999580383300781 14.980999946594238281 14.90200042724609375 14.913999557495117188 14.7910003662109375 14.621999740600585938 14.562999725341796875 14.399999618530273438 14.296999931335449219 14.204000473022460938 14.130999565124511719 14.085000038146972656 13.987999916076660156 13.911999702453613281 13.817999839782714844 13.713999748229980469 13.626000404357910156 13.543999671936035156 13.460000038146972656 13.385000228881835938 13.2779998779296875 13.251000404357910156 13.185999870300292969 13.128999710083007812 13.079999923706054688 13.031000137329101562
16.253000259399414062 16.190000534057617188 16.128999710083007812 16.047000885009765625 15.984999656677246094 15.906000137329101562 15.826000213623046875 15.730999946594238281 15.630999565124511719 15.517000198364257812 15.435000419616699219 15.343999862670898438 15.258000373840332031 15.1660003662109375 15.09799957275390625 15.022999763488769531 14.977999687194824219 14.939999580383300781 14.914999961853027344 14.821999549865722656 14.699999809265136719 14.598999977111816406 14.494000434875488281 14.369000434875488281 14.302000045776367188 14.218000411987304688 14.161000251770019531 14.05500030517578125 13.984000205993652344 13.885999679565429688 13.776000022888183594 13.678000450134277344 13.600000381469726562 13.522000312805175781 13.432000160217285156 13.326000213623046875 13.274999618530273438 13.213999748229980469 13.144000053405761719 13.085000038146972656 13.038999557495117188
16.336999893188476562 16.247999191284179688 16.187999725341796875 16.135000228881835938 16.031000137329101562 15.944000244140625 15.838999748229980469 15.751999855041503906 15.663000106811523438 15.546999931335449219 15.444000244140625 15.355999946594238281 15.25 15.156999588012695312 15.079999923706054688 14.970999717712402344 14.9029998779296875 14.918999671936035156 14.935999870300292969 14.79199981689453125 14.602000236511230469 14.491000175476074219 14.428999900817871094 14.41699981689453125 14.307999610900878906 14.239999771118164062 14.126999855041503906 14.060999870300292969 13.949000358581542969 13.814000129699707031 13.696999549865722656 13.616000175476074219 13.564000129699707031 13.477000236511230469 13.342000007629394531 13.289999961853027344 13.185999870300292969 13.098999977111816406 13.031000137329101562 12.994999885559082031 12.961999893188476562
16.326000213623046875 16.378000259399414062 16.268999099731445312 16.156000137329101562 16.0279998779296875 16.024999618530273438 15.887000083923339844 15.715000152587890625 15.663000106811523438 15.605999946594238281 15.576000213623046875 15.522000312805175781 15.392999649047851562 15.322999954223632812 15.215000152587890625 15.142000198364257812 15.064000129699707031 14.91699981689453125 14.925000190734863281 14.789999961853027344 14.725000381469726562 39.55300140380859375 39.47499847412109375 39.369998931884765625 39.29000091552734375 39.200000762939453125 39.12200164794921875 39.0019989013671875 38.951999664306640625 40.4980010986328125 40.411998748779296875 40.327999114990234375 40.26200103759765625 53.44699859619140625 66.6060028076171875 66.503997802734375 13.336999893188476562 13.232999801635742188 13.112999916076660156 13.171999931335449219 25.267999649047851562
16.452999114990234375 16.256999969482421875 35.467998504638671875 35.391998291015625 35.36100006103515625 35.282001495361328125 35.173999786376953125 35.10900115966796875 35.09400177001953125 35.0839996337890625 35.020999908447265625 34.924999237060546875 57.2519989013671875 57.161998748779296875 57.12799835205078125 57.021999359130859375 15.135000228881835938 14.965999603271484375 15.017999649047851562 14.843000411987304688 14.840000152587890625 64.56400299072265625 64.44300079345703125 64.30899810791015625 64.2740020751953125 64.1309967041015625 64.06999969482421875 63.966999053955078125 63.854000091552734375 67.0839996337890625 67.035003662109375 66.94000244140625 66.83100128173828125 66.7350006103515625 66.67400360107421875 66.53099822998046875 13.359000205993652344 13.232999801635742188 13.119000434875488281 13.104000091552734375 25.274000167846679688
16.587999343872070312 16.495000839233398438 25.479000091552734375 35.0540008544921875 35.1790008544921875 35.11299896240234375 35.078998565673828125 35.101001739501953125 35.0839996337890625 35.077999114990234375 35.03900146484375 34.9459991455078125 57.284999847412109375 57.217998504638671875 57.131000518798828125 57.0670013427734375 15.18000030517578125 15.024999618530273438 15.050000190734863281 14.9029998779296875 14.890999794006347656 64.5800018310546875 64.45400238037109375 64.404998779296875 64.266998291015625 64.21199798583984375 64.1309967041015625 64.03299713134765625 63.9199981689453125 67.15000152587890625 67.04399871826171875 66.9889984130859375 66.89299774169921875 66.75099945068359375 66.65399932861328125 66.59200286865234375 66.48000335693359375 13.232000350952148438 13.102999687194824219 13.123999595642089844 25.363000869750976562
16.56800079345703125 16.475000381469726562 25.341999053955078125 34.95600128173828125 35.034999847412109375 35.034999847412109375 35.078998565673828125 35.0800018310546875 35.073001861572265625 35.069000244140625 35.049999237060546875 34.966999053955078125 57.3170013427734375 57.2519989013671875 57.187999725341796875 57.11100006103515625 15.234000205993652344 15.081999778747558594 15.109000205993652344 14.970000267028808594 14.940999984741210938 64.6009979248046875 64.53900146484375 64.40599822998046875 64.35700225830078125 64.27300262451171875 64.1920013427734375 64.0989990234375 63.98699951171875 67.21600341796875 67.11100006103515625 67.0070037841796875 66.944000244140625 66.8430023193359375 66.667999267578125 66.57399749755859375 13.420000076293945312 13.284000396728515625 13.156999588012695312 13.142999649047851562 25.371000289916992188
16.590000152587890625 16.497999191284179688 25.385999679565429688 34.963001251220703125 34.991001129150390625 35.034999847412109375 35.0800018310546875 35.062999725341796875 35.064998626708984375 35.061000823974609375 35.0540008544921875 34.98600006103515625 57.353000640869140625 57.285999298095703125 57.2220001220703125 57.15599822998046875 15.312999725341796875 15.131999969482421875 15.095999717712402344 14.979000091552734375 14.970000267028808594 64.66300201416015625 64.552001953125 64.50299835205078125 64.427001953125 64.33899688720703125 64.25299835205078125 64.16500091552734375 64.0540008544921875 67.28299713134765625 67.17800140380859375 67.072998046875 66.9680023193359375 66.89800262451171875 66.7689971923828125 66.58599853515625 13.430999755859375 13.336999893188476562 13.197999954223632812 13.161999702453613281 25.423999786376953125
16.659000396728515625 16.452999114990234375 25.395000457763671875 34.949001312255859375 34.991001129150390625 35.035999298095703125 35.076000213623046875 35.04399871826171875 35.061000823974609375 35.050998687744140625 35.05500030517578125 35.005001068115234375 57.38800048828125 57.31999969482421875 57.255001068115234375 57.18399810791015625 15.366999626159667969 15.196999549865722656 15.196000099182128906 15.093999862670898438 15.062000274658203125 64.70800018310546875 64.64499664306640625 64.5800018310546875 64.4929962158203125 64.404998779296875 64.31400299072265625 64.2310028076171875 64.121002197265625 67.3489990234375 67.24500274658203125 67.13899993896484375 67.03299713134765625 66.9290008544921875 66.8509979248046875 66.68599700927734375 13.425999641418457031 13.378000259399414062 13.25 13.251000404357910156 25.417999267578125
16.724000930786132812 16.54000091552734375 25.339000701904296875 34.868000030517578125 34.991001129150390625 35.035999298095703125 35.060001373291015625 35.02500152587890625 35.060001373291015625 35.0410003662109375 35.05500030517578125 35.022998809814453125 57.422000885009765625 57.354000091552734375 57.284000396728515625 57.13899993896484375 15.395999908447265625 15.248000144958496094 15.239999771118164062 15.133999824523925781 15.071999549865722656 64.78099822998046875 64.73400115966796875 64.647003173828125 64.55899810791015625 64.47100067138671875 64.37599945068359375 64.2969970703125 64.1869964599609375 67.4160003662109375 67.3119964599609375 67.20600128173828125 67.09999847412109375 66.99500274658203125 66.891998291015625 66.7870025634765625 13.510000228881835938 13.425999641418457031 13.293000221252441406 13.288000106811523438 25.535999298095703125
16.672000885009765625 16.649000167846679688 25.3899993896484375 34.923999786376953125 34.925998687744140625 35.036998748779296875 35.029998779296875 35.006000518798828125 35.05899810791015625 35.029998779296875 35.055999755859375 35.034999847412109375 57.45600128173828125 57.383998870849609375 57.09999847412109375 57.03900146484375 15.446000099182128906 15.286000251770019531 15.302000045776367188 15.210000038146972656 15.135999679565429688 75.7050018310546875 75.6190032958984375 75.529998779296875 80.84999847412109375 86.17099761962890625 86.07700347900390625 85.9980010986328125 69.6620025634765625 67.483001708984375 67.37799835205078125 67.272003173828125 67.1660003662109375 67.0619964599609375 66.95600128173828125 66.8509979248046875 13.626000404357910156 13.4720001220703125 13.338999748229980469 13.331999778747558594 13.449000358581542969
16.747999191284179688 16.745000839233398438 25.648000717163085938 35.24900054931640625 35.090999603271484375 34.97100067138671875 34.980998992919921875 34.9720001220703125 35.035999298095703125 34.995998382568359375 35.02899932861328125 34.980998992919921875 57.421001434326171875 57.04000091552734375 56.944000244140625 57.0260009765625 15.335000038146972656 15.352000236511230469 15.359999656677246094 15.279000282287597656 15.187000274658203125 86.589996337890625 86.5019989013671875 86.41400146484375 86.3249969482421875 86.23699951171875 86.14600372314453125 86.06500244140625 85.9550018310546875 36.9589996337890625 36.854000091552734375 36.7480010986328125 36.643001556396484375 36.53900146484375 36.43199920654296875 36.326000213623046875 36.207000732421875 13.517999649047851562 13.392000198364257812 13.338000297546386719 13.4589996337890625
