CA_model_OCC_220412-v2/clipped_raster_4m_big3.asc
ncols        389
nrows        360
xllcorner    523838.000000000000
yllcorner    5040458.000000000000
cellsize     4.000000000000
NODATA_value -9999
[rows 68 to 101 of 360, columns 231 to 307 of 389]
59951 35886 11858 27115 42369 42340 42350 42372 42393 12004 11810 11866 11783 11936 42492 42414 42342 42260 42157 42080 11368 11307 53369 53444 53535 11467 53470 53213 52949 10685 10476 10451 10382 44636 78787 78781 78776 44647 10529 10478 10487 10497 10483 10388 10504 78799 78731 78676 78623 10230 10042 10139 10046 10206 33593 33594 33590 33587 33583 33580 33585 33607 33629 33653 33582 33615 33636 33632 33609 33629 33625 33641 33619 33598 33577 33556 33526
59932 35887 11877 42267 42363 42344 42326 42297 42270 11866 11760 11756 11664 11793 42367 42301 42233 42167 42104 11458 11331 11243 53360 53451 53551 11488 53503 53243 52943 10656 10423 10440 10378 44636 78819 78833 44719 44737 10510 10495 10500 10508 11052 10531 78828 78807 78756 78685 78608 10272 10114 10172 10106 10307 33617 33623 33629 33625 33621 33618 33620 33640 33659 33683 33607 33632 33667 33663 33639 33662 33656 33668 33647 33626 33605 33583 33567
59980 35906 11855 42241 42220 42203 42192 42185 42177 11761 11597 11642 11563 11674 42498 42404 42296 42194 42087 42004 26530 11193 53362 53432 53528 11534 53521 53237 52924 10629 10432 10441 10369 10479 10555 10569 10591 10613 10491 10435 10471 10442 11060 10561 78847 78813 78767 78720 78658 10293 10140 10203 10139 10313 33602 33655 33651 33663 33659 33656 33656 33674 33689 33714 33632 33649 33697 33696 33669 33694 33686 33696 33675 33653 33632 33658 33816
59972 35895 11843 42190 42151 42129 42108 42089 42076 11653 11511 11530 11448 11543 42355 42303 42250 42196 42136 42016 26539 11112 53181 53340 53490 11411 53523 53226 52871 10580 10407 10429 10325 10513 10555 10586 10593 10613 10554 10468 10518 10505 10985 10580 78828 78820 78773 78726 78668 10326 10161 10204 10138 10321 33655 33657 33691 33682 33697 33694 33694 33707 33720 33743 33657 33663 33728 33727 33700 33726 33716 33724 33703 33681 33803 34144 34174
59993 59911 11825 42211 42170 42128 42086 42044 42001 11559 11467 11412 11340 11477 42204 42163 42121 42078 42044 11369 11174 10983 53210 53357 53501 11458 53536 53288 52960 10618 10365 10408 10347 44600 78874 78875 78870 44740 10613 10650 10586 10598 10634 10525 44672 78825 78760 78695 78628 10346 10160 10237 10185 10357 33689 33693 33705 33731 33711 33729 33731 33740 33750 33773 33683 33678 33756 33760 33732 33759 33748 33751 33746 33962 34127 22444 10851
60018 59923 11809 42228 42184 42141 42096 42047 41996 11515 11249 11297 11219 11307 42154 42111 42051 41991 41934 41886 26398 10968 53190 53328 53467 11456 53439 53238 52969 10640 10293 10382 10336 44539 78751 78789 78824 44722 10596 10700 10675 10677 10616 27658 44683 78827 78789 78726 78655 10352 10206 10266 10165 10364 33700 33670 33726 33743 33745 33732 33738 33756 33743 33733 22049 22028 22064 22032 22037 22032 22031 22016 16235 10477 10511 10602 10689
59987 59893 11661 42204 42126 42052 41976 41898 41821 11344 11238 11187 11124 11205 42024 41993 41951 41925 41904 41876 26348 10808 52863 53114 53353 11392 32384 53150 52872 10593 10335 10377 10319 10478 78777 78796 78821 78841 78814 78890 78943 78927 78855 78838 78825 78801 78796 78783 78751 10382 10171 10300 10224 10385 10485 10318 10228 10218 10212 10191 10206 10206 10207 10196 10193 10214 10242 10261 10255 10277 10234 10160 10178 10266 10343 10411 10554
59979 59886 11806 42218 42124 42035 41954 41875 41796 11305 11102 11079 11043 11114 26734 41982 41913 41844 41775 26392 10879 10752 52839 53031 53218 11330 32218 52965 52763 10588 10505 10388 10331 10460 78766 78794 78820 78815 78782 78869 78942 78909 78846 78829 78819 78843 78797 78791 78786 27465 10221 10320 10248 10364 10607 10558 10357 10295 10295 10278 10267 10265 10263 10271 10285 10276 10271 10257 10270 10272 10222 10209 10180 10207 10227 10269 10321
60042 59916 11818 42225 42132 42051 41939 41854 41774 11237 11098 10972 10967 11043 11296 41875 41795 41708 41629 41599 41384 10704 52843 52984 53128 11213 32166 52958 52769 10613 10416 10415 10352 10456 78772 78794 78819 78771 78750 78859 78936 78891 78837 78833 78789 78836 78828 78796 78778 44568 10219 10311 10263 10283 10490 10570 10462 10347 10388 10371 10364 10378 10391 10408 10382 10365 10347 10328 10341 10281 10247 10259 10241 10234 10269 10317 10346
60034 59905 11839 34634 42100 42040 41981 41922 41855 11203 11026 10908 10903 10989 11083 41694 41636 41574 41511 26215 41389 10693 52837 52991 53132 53023 52903 52800 10717 10657 10473 10461 10417 10505 78797 78791 78819 78724 78736 78849 78933 78861 78891 78848 78768 78777 78868 78803 78790 44546 10295 10344 10299 10269 10383 10456 10426 10467 10505 10487 10559 10493 10473 10453 10441 10423 10404 10416 10425 10378 10360 10346 10322 10258 10318 10343 10364
59996 59914 11842 27025 42109 41981 41922 41846 41739 11142 10959 10887 10859 10896 10973 41506 41538 41506 41376 10768 10768 10788 52777 52879 53102 52860 52694 52707 10618 10619 10510 10490 10437 10506 78804 78826 78800 78832 78887 78889 44751 44761 10615 44769 44720 44675 44654 44635 44624 27458 10339 10411 10404 10364 10336 10419 10446 10424 10426 10458 10469 10432 10400 10395 10371 10360 10380 10398 10388 10384 10356 10338 10317 10384 10444 10482 10486
60008 59911 11824 11712 11631 11528 11441 11290 11230 11051 10859 10898 10873 10711 10742 10711 10732 10715 10684 10736 10774 10710 10718 10722 10661 10637 10644 10576 10587 10529 10505 10534 10478 10406 10360 10394 10404 10389 10422 10408 10478 10455 10457 10447 10539 10540 10475 10486 10405 10418 10476 10499 10510 10476 10484 10484 10483 10502 10518 10539 10540 10512 10459 10442 10432 10435 10470 10507 10502 10483 10477 10473 10461 10504 10521 10532 10531
12017 11872 11704 11586 11502 11389 11286 11180 11089 10968 10938 10929 10876 10763 10684 10694 10706 10768 10768 10736 10744 10719 10742 10727 10692 10636 10636 10624 10584 10501 10474 10523 10521 10506 10481 10438 10421 10454 10482 10529 10575 10562 10604 10618 10624 10582 10565 10558 10535 10524 10508 10517 10515 10493 10498 10496 10487 10483 10484 10475 10486 10445 10426 10435 10439 10421 10458 10467 10437 10443 10458 10483 10456 10392 10394 10421 10387
12008 11885 11834 11723 11610 11484 11373 11298 11185 11070 10987 10950 10905 10821 10789 10835 10864 10867 10844 10827 10788 10759 10772 10774 10750 10708 10693 10650 10583 10481 10455 10531 10559 10480 10434 10415 10401 10431 10459 10475 10474 10495 10500 10436 10462 10424 10430 10340 10409 10372 10383 10523 10479 10357 10494 10562 10591 10591 10615 10638 10629 10640 10633 10569 10569 10416 10366 10382 10432 10441 10368 10448 10348 10378 10450 10486 10506
11975 11871 11752 11642 11510 11413 11325 11227 11079 10953 10863 10929 10856 10658 10668 10726 10787 10752 10724 10792 10745 10746 10742 10706 10714 10618 10650 10645 10632 10600 10419 10559 10569 10336 10466 10434 10449 10449 10491 10489 10536 10544 10415 10485 10506 10490 10483 10470 10478 10471 10398 10545 10539 10553 64075 64139 64171 64166 117499 117506 117548 43741 43648 43683 43692 43475 43391 43409 43379 10470 10345 10453 10338 10398 10635 10439 10413
11991 11792 110350 143163 142999 142923 142899 142798 76834 10896 10784 10874 10768 10532 10804 10880 10854 10895 19186 19206 19229 19281 20070 24667 29162 29142 29110 29026 29003 15243 10566 10611 10624 10509 10598 10607 10619 10640 10689 10701 10705 10711 45066 45036 45016 44981 44948 44919 44910 10545 10385 10574 10584 10611 117404 117464 117465 117481 117495 117536 117535 43696 43677 43632 43607 43638 43448 43381 43404 10479 10332 10462 10338 10433 10600 10469 10454
35935 35842 143309 143234 143164 143048 142898 142865 142793 10960 10885 10877 10797 10615 10847 10974 10999 10983 27647 27725 27761 27781 29366 29363 29267 29290 29242 29223 29132 19915 10630 10683 10690 10586 10705 10742 10775 10772 10841 10842 10853 10811 45175 45171 45124 45092 45059 45023 44955 10573 10452 10610 10621 10659 117420 117437 117461 117485 117510 117494 117475 43636 43618 43600 43580 43525 43561 43422 43363 10509 10367 10474 10354 10432 10578 10562 10536
35939 35827 143297 143186 143074 142963 142852 142761 142656 76820 10951 10870 10858 10670 10924 11010 11019 11069 27697 27843 27886 27901 29482 29454 29417 29352 29338 29325 29290 20079 10746 10760 10783 10682 10838 10890 10907 10847 10917 10958 10967 10928 45329 45268 45235 45203 45171 45139 45093 19234 10511 10635 10649 10675 117399 117445 117473 117470 117452 117434 117416 43577 43559 43540 43522 43504 43475 43472 43389 10504 10370 10476 10388 10441 10603 10616 10619
35933 35828 11814 143200 143100 143001 142899 142800 142701 11089 11023 10905 10964 10761 10871 11020 10993 11078 27768 27965 28011 28017 29598 29558 29463 29449 29435 29421 29408 20219 10828 10832 10857 10723 10933 11011 11030 11041 11048 11064 11060 11013 45409 45376 45345 45314 45282 45247 45215 27934 10597 10668 10678 10676 117427 117446 117429 117411 117393 117375 117356 43517 43499 43480 43462 43445 43426 43407 43389 10499 10423 10481 10417 10450 10574 10650 10676
36174 36073 77811 143456 143355 143255 143156 143049 142856 142620 11082 10943 11067 10910 15372 19744 19839 19840 28492 28843 28855 28861 29712 29584 29558 29543 29527 29507 29484 29452 10907 10924 10940 10808 11012 11116 11144 11088 11177 11179 11167 11121 45602 45549 45495 45435 45384 45337 45283 27984 10627 10702 10713 10715 117431 117410 117387 117368 117351 117327 117304 43465 43457 43439 43415 43394 43385 43374 43353 10513 10382 10481 10418 10445 10577 10686 10747
28477 28378 78067 143709 143610 143510 143347 143130 142828 142689 11075 11017 11170 11045 19884 28676 28717 28831 28902 28919 28913 28870 29702 29687 29650 29612 29571 29531 29494 29456 10978 11004 11016 10878 11076 11208 11250 11178 11246 11289 11276 11286 45659 45604 45543 45480 45417 45354 45292 28020 10662 10739 10748 10779 117503 117485 117468 117451 117435 117419 117402 43565 43548 43532 43516 43501 43489 43481 43475 10596 10417 10496 10432 10464 10582 10721 10785
28648 28617 12576 143966 143834 143624 143404 143057 142928 77075 11210 11099 11257 11132 20005 28879 28898 28902 28892 28911 28930 28889 29696 29668 29650 29630 29609 29585 29562 29538 11103 11079 11092 10987 11119 11215 11341 11352 11332 11367 11384 11393 11380 11301 11222 11140 28237 45331 45243 27986 10679 10779 10759 10810 117548 117531 117515 117499 117484 117471 80526 43610 43603 43594 43583 43570 43559 43545 43506 10626 10424 10517 10470 10447 10614 10716 10801
28577 28536 12557 144042 143910 143680 143427 143064 143054 77230 11349 11218 11318 11177 20110 28863 28919 28933 28912 29007 29085 29070 29951 29895 29805 29734 29686 29653 29623 29592 11201 11147 11170 11108 11222 11355 11411 11441 96847 96808 96905 96910 96857 96752 96669 96587 181886 181804 181728 96262 10733 10809 10819 10902 43716 43710 43697 43685 43673 43661 43646 43634 43622 43610 43598 43585 43573 43561 43524 10579 10481 10522 10470 10446 10583 10688 10761
28606 28545 12548 12520 21807 21630 21439 21261 21094 20902 11434 11350 11389 11269 29426 47455 47507 47518 47589 47628 47783 47940 60781 60703 60620 60525 60434 60342 60256 60177 11220 11222 11246 11194 182059 182126 182220 182277 182276 182266 182411 182377 182266 182168 182078 181999 181933 181842 181751 96293 10772 10859 10846 10784 43702 43748 43738 43726 43714 43702 43689 43677 43664 43650 43638 43626 43614 43593 43533 10621 10420 10527 10483 10467 10572 10680 10744
37398 37362 31273 31227 31311 31201 30949 30740 30542 30310 11454 11426 11467 11403 20451 47529 47601 47639 47647 47702 47858 48013 60808 60740 60656 60576 60498 60412 60321 60220 11334 11298 11329 11220 182101 182219 182284 182292 182289 182314 182406 182390 182287 182165 182074 181983 181894 181803 181723 96300 10856 10877 10890 10809 43694 43741 43779 43766 43754 43742 43730 43718 43706 43693 43680 43666 43651 43603 43500 27018 10494 10530 10490 10484 10607 10656 10703
37415 37368 34297 31282 31268 31176 30940 30738 30595 30402 11571 11457 11540 11371 11538 47675 47690 47697 47705 47776 47931 48045 60809 60763 60680 60596 60512 60428 60357 60282 11445 11370 11409 11322 96826 182289 182296 182305 182307 182352 182394 182385 182291 182164 182070 181980 181889 181799 181709 139006 10900 10908 10937 10935 43739 43729 43778 43809 43795 43782 43770 43758 43746 43734 43722 43709 43669 43585 43526 27013 10415 10521 10505 10503 10602 10740 10769
37414 37367 34291 31276 31226 31147 30923 30730 30617 30457 11620 11540 11591 11566 11670 47739 47747 47755 47763 47849 48004 48041 60810 60780 60703 60620 60536 60452 60368 60291 11499 11442 11487 11378 96876 182300 182309 182316 182319 182360 182379 182380 182291 182193 182065 181975 181885 181795 181774 181752 10908 10938 10984 11009 43805 43788 43767 43816 43838 43826 43812 43799 43786 43774 43762 43739 43660 43620 43516 27045 10506 10539 10511 10499 10634 10721 10683
40127 40080 35638 31234 31189 31103 30907 30722 30609 30497 11705 11675 11670 11677 11761 47812 47805 47813 47820 47923 48026 48039 60810 60785 60727 60643 60560 60475 60397 60314 11550 11492 11564 11476 96932 182261 182321 182329 182336 182351 182361 182376 182302 182245 182061 181971 181881 181855 181853 181842 10989 10963 11030 11073 43870 43849 43846 43803 43854 43866 43854 43842 43829 43815 43801 43744 43715 43603 43526 27027 10536 10541 10515 10502 10588 10624 10666
42841 42775 37028 31205 31153 31053 30891 30717 30601 30492 11781 11847 11744 11807 11861 47849 47877 47871 47878 47992 48020 48040 60811 60786 60748 60667 60584 60502 60432 60354 11452 11568 11638 11512 97015 182393 182336 182341 182357 182343 182348 182372 182305 182284 182074 181967 181932 182003 182000 181922 10978 10933 11059 11098 43930 43917 43891 43907 43843 43892 43894 43882 43870 43868 43828 43809 43687 43600 43479 27012 10517 10526 10523 10495 10591 10618 10617
42840 42727 36973 31178 31121 31002 30875 30709 30593 30537 11870 11966 11856 11931 11963 47949 47950 47950 47937 48007 48015 48038 54441 60787 60756 60691 60611 60546 60472 60292 11562 11642 11703 11596 97080 182528 182468 182410 182354 182332 182336 182367 182284 182302 182132 182074 182159 182148 182111 182004 11126 11019 11116 10970 43862 43978 43931 43905 35691 27439 27424 27382 27343 27267 27216 27186 27132 27081 10605 10559 10462 10542 10537 10479 10540 10497 10499
42801 42718 36895 31150 31089 30953 30859 30704 30665 30707 11979 12019 11954 11970 12061 48050 48059 48045 48006 48001 48003 48021 54431 48593 36380 36344 36290 36221 36134 36167 11714 11697 11740 11663 11736 11758 11734 11677 11615 11519 11468 11490 11457 11390 11366 11318 11329 11218 11247 11191 11048 11120 11158 11044 11046 10999 10996 10915 10867 10840 10814 10813 10733 10741 10708 10663 10684 10621 10631 10606 10617 10656 10635 10580 10556 10531 10489
12534 12383 12290 12267 12235 12157 12089 12034 12040 11988 12036 12008 12026 12034 12002 12084 12031 12037 11968 11976 11983 12008 11970 11892 11857 11816 11831 11783 11794 11653 11694 11760 11764 11723 11670 11705 11669 11609 11518 11397 11383 11379 11336 11307 11289 11287 11273 11235 11228 11201 11166 11221 11228 11179 11146 11096 11091 11061 11040 10971 10975 10937 10891 10876 10855 10846 10816 10807 10794 10763 10737 10736 10707 10668 10647 10563 10579
12447 12291 12253 12200 12129 12169 12116 12103 12086 12046 12111 12113 12096 12118 12112 12112 12038 12067 12032 12055 12004 11979 11965 11941 11888 11889 11845 11799 11847 11785 11790 11761 11765 11719 11693 11661 11633 11608 11574 11552 11508 11493 11466 11420 11370 11357 11345 11293 11286 11260 11240 11233 11207 11176 11124 11106 11065 11030 10999 10973 10934 10880 10847 10823 10794 10757 10694 10657 10616 10589 10564 10626 10645 10586 10513 10459 10431
12549 12440 12363 12371 12386 12368 12330 12295 12248 12214 12242 12188 12133 12145 12165 12137 12083 12082 12048 12011 12013 11980 11955 11952 11908 11847 11833 11803 11777 11746 11718 11722 11763 11732 11612 11514 11500 11438 11428 11394 11370 11344 11325 11269 11257 11295 11256 11199 11259 11174 11072 11090 11110 11017 11034 11008 10909 10888 10958 10937 10925 10884 10824 10738 10689 10668 10660 10662 10652 10630 10535 10521 10576 10607 10609 10579 10583
