CA_model_OCC_220412-v2/clipped_raster_4m_big4.asc
ncols        389
nrows        360
xllcorner    523838.000000000000
yllcorner    5040458.000000000000
cellsize     4.000000000000
NODATA_value  -3.4028234663852885981e+38
[rows 234 to 251 of 360, columns 205 to 245 of 389]
31.781000137329101562 31.614000320434570312 31.448999404907226562 31.283000946044921875 71.042999267578125 84.18599700927734375 84.01999664306640625 24.436000823974609375 24.270000457763671875 83.54399871826171875 83.3470001220703125 23.705999374389648438 23.54000091552734375 23.451000213623046875 23.448999404907226562 23.267000198364257812 22.934999465942382812 22.913000106811523438 22.604999542236328125 22.530000686645507812 22.474000930786132812 22.297000885009765625 22.160999298095703125 21.976999282836914062 21.843000411987304688 21.840000152587890625 21.798999786376953125 21.745000839233398438 21.648000717163085938 21.524000167846679688 21.322999954223632812 21.132999420166015625 21.104999542236328125 21.003999710083007812 20.871999740600585938 20.7779998779296875 20.799999237060546875 20.7350006103515625 20.607000350952148438 20.341999053955078125 20.436000823974609375
31.908000946044921875 31.742000579833984375 31.576999664306640625 31.410999298095703125 84.48000335693359375 84.31400299072265625 84.14800262451171875 24.563999176025390625 68.9629974365234375 83.65399932861328125 83.47899627685546875 23.854999542236328125 23.590000152587890625 23.646999359130859375 23.580999374389648438 23.323999404907226562 23.087999343872070312 23.104000091552734375 22.742000579833984375 22.565999984741210938 22.396999359130859375 22.367000579833984375 22.202999114990234375 22.058000564575195312 21.884000778198242188 21.773000717163085938 21.628999710083007812 21.538999557495117188 21.483999252319335938 21.495000839233398438 21.434000015258789062 21.326999664306640625 21.183000564575195312 20.996000289916992188 20.87400054931640625 20.868000030517578125 20.864000320434570312 20.787000656127929688 20.552000045776367188 20.4720001220703125 20.461999893188476562
65.04199981689453125 64.87599945068359375 48.20800018310546875 37.3639984130859375 60.9029998779296875 84.44300079345703125 84.27700042724609375 69.2570037841796875 83.9459991455078125 83.779998779296875 53.898998260498046875 23.992000579833984375 23.770999908447265625 23.808000564575195312 23.674999237060546875 23.367000579833984375 23.3470001220703125 23.253999710083007812 23.017999649047851562 22.853000640869140625 22.59799957275390625 22.354999542236328125 22.2779998779296875 22.108999252319335938 21.829000473022460938 21.753999710083007812 21.677000045776367188 21.569000244140625 21.41500091552734375 21.239000320434570312 21.201999664306640625 21.190999984741210938 21.2220001220703125 21.170999526977539062 21.052999496459960938 20.966999053955078125 20.884000778198242188 20.760999679565429688 20.559000015258789062 20.538999557495117188 20.462999343872070312
65.1490020751953125 64.9929962158203125 64.822998046875 37.476001739501953125 37.311000823974609375 37.145000457763671875 36.979999542236328125 72.371002197265625 84.05999755859375 83.89499664306640625 24.302000045776367188 24.066999435424804688 23.996000289916992188 23.969999313354492188 23.767000198364257812 23.462999343872070312 23.489999771118164062 23.344999313354492188 23.183000564575195312 22.965999603271484375 22.746999740600585938 22.538999557495117188 22.40200042724609375 22.174999237060546875 21.909999847412109375 21.784000396728515625 21.69300079345703125 21.607999801635742188 21.452999114990234375 21.288999557495117188 21.170000076293945312 21.002000808715820312 20.927000045776367188 20.99900054931640625 21.016000747680664062 20.976999282836914062 20.892999649047851562 20.788000106811523438 20.649999618530273438 20.496000289916992188 20.447999954223632812
65.27899932861328125 65.1139984130859375 44.938999176025390625 39.4010009765625 37.464000701904296875 37.31999969482421875 37.141998291015625 36.96099853515625 36.782001495361328125 48.45999908447265625 24.427000045776367188 24.180999755859375 24.205999374389648438 24.100999832153320312 23.841999053955078125 23.670999526977539062 23.63899993896484375 23.525999069213867188 23.344999313354492188 23.099000930786132812 22.819000244140625 22.6790008544921875 22.503999710083007812 22.343999862670898438 22.118000030517578125 21.857000350952148438 21.746000289916992188 21.614999771118164062 21.447000503540039062 21.3470001220703125 21.23699951171875 21.11199951171875 20.95999908447265625 20.819000244140625 20.95800018310546875 20.95999908447265625 20.87400054931640625 20.774999618530273438 20.701000213623046875 20.548999786376953125 20.479999542236328125
65.41100311279296875 60.243000030517578125 45.06999969482421875 44.907001495361328125 44.742000579833984375 42.784999847412109375 37.24700164794921875 37.102001190185546875 36.977001190185546875 24.8040008544921875 24.572000503540039062 24.375 24.385999679565429688 24.219999313354492188 23.94300079345703125 23.878999710083007812 23.798000335693359375 23.714000701904296875 23.478000640869140625 23.257999420166015625 22.910999298095703125 22.756999969482421875 22.61100006103515625 22.475999832153320312 22.25 21.982999801635742188 21.81800079345703125 21.634000778198242188 21.482999801635742188 21.413000106811523438 21.267000198364257812 21.149000167846679688 21.048000335693359375 20.871000289916992188 21.031000137329101562 20.944000244140625 20.773000717163085938 20.645000457763671875 20.524000167846679688 20.520999908447265625 20.507999420166015625
65.535003662109375 45.367000579833984375 45.201999664306640625 45.037998199462890625 44.87400054931640625 44.70999908447265625 44.5449981689453125 44.381000518798828125 38.839000701904296875 24.878000259399414062 24.613000869750976562 24.573999404907226562 24.535999298095703125 24.312000274658203125 24.076999664306640625 24.051000595092773438 23.9029998779296875 23.811000823974609375 23.548999786376953125 23.26300048828125 23.00099945068359375 22.899000167846679688 22.80500030517578125 22.631000518798828125 22.254999160766601562 22.030000686645507812 21.86199951171875 21.7220001220703125 21.555999755859375 21.469999313354492188 21.340999603271484375 21.226999282836914062 21.0970001220703125 21.024999618530273438 21.076000213623046875 20.922000885009765625 20.77899932861328125 20.756000518798828125 20.705999374389648438 20.5410003662109375 20.37400054931640625
65.63700103759765625 45.4980010986328125 45.33499908447265625 45.1699981689453125 45.005001068115234375 44.840999603271484375 44.673000335693359375 44.5110015869140625 34.76399993896484375 24.978000640869140625 24.704000473022460938 24.76300048828125 24.636999130249023438 24.319000244140625 24.268999099731445312 38.037998199462890625 51.91400146484375 44.7760009765625 23.648000717163085938 23.379999160766601562 23.142000198364257812 23.020000457763671875 22.923000335693359375 22.76300048828125 22.284999847412109375 22.05699920654296875 21.891000747680664062 21.754999160766601562 21.627000808715820312 21.590000152587890625 21.461000442504882812 21.371000289916992188 21.2350006103515625 21.172000885009765625 21.141000747680664062 21.048000335693359375 20.865999221801757812 20.851999282836914062 20.871000289916992188 20.677000045776367188 20.382999420166015625
65.74199676513671875 45.62599945068359375 45.465999603271484375 45.300998687744140625 45.1269989013671875 44.952999114990234375 44.796001434326171875 44.631999969482421875 25.292999267578125 25.072999954223632812 24.957000732421875 24.91500091552734375 24.726999282836914062 24.424999237060546875 24.427000045776367188 52.27500152587890625 52.06600189208984375 51.839000701904296875 51.62599945068359375 51.340000152587890625 37.216999053955078125 23.06800079345703125 22.88899993896484375 22.676000595092773438 22.325000762939453125 22.120000839233398438 21.954000473022460938 21.829000473022460938 21.773000717163085938 21.7089996337890625 21.600999832153320312 21.510000228881835938 21.315000534057617188 21.313999176025390625 21.252000808715820312 21.107000350952148438 20.948999404907226562 21.0410003662109375 20.952999114990234375 20.739000320434570312 20.622999191284179688
26.400999069213867188 26.420000076293945312 45.533000946044921875 45.40000152587890625 45.23799896240234375 45.082000732421875 44.935001373291015625 44.783000946044921875 25.434000015258789062 25.15399932861328125 25.162000656127929688 25.042999267578125 24.795000076293945312 24.579000473022460938 24.600999832153320312 52.369998931884765625 52.171001434326171875 51.97299957275390625 51.742000579833984375 51.34799957275390625 51.062999725341796875 50.96099853515625 51.492000579833984375 37.2760009765625 22.332000732421875 22.201999664306640625 22.037000656127929688 21.982000350952148438 21.922000885009765625 21.8209991455078125 21.700000762939453125 21.61199951171875 21.461000442504882812 21.440000534057617188 21.302999496459960938 21.190999984741210938 21.207000732421875 21.20800018310546875 21.061000823974609375 20.905000686645507812 20.75
26.495000839233398438 26.34799957275390625 26.184999465942382812 26.170000076293945312 35.768001556396484375 45.243999481201171875 45.073001861572265625 30.531999588012695312 25.559000015258789062 25.309000015258789062 25.309999465942382812 25.128000259399414062 24.870000839233398438 24.808000564575195312 45.728000640869140625 52.51300048828125 52.313999176025390625 52.116001129150390625 51.840999603271484375 51.44100189208984375 51.04199981689453125 50.792999267578125 51.33100128173828125 51.832000732421875 51.7519989013671875 51.41899871826171875 22.099000930786132812 22.0149993896484375 22.017999649047851562 21.993999481201171875 21.849000930786132812 21.662000656127929688 21.628999710083007812 21.586000442504882812 21.4160003662109375 21.386999130249023438 21.395999908447265625 21.284000396728515625 21.104000091552734375 21.018999099731445312 20.865999221801757812
26.5 26.430999755859375 26.312000274658203125 26.180999755859375 26.004999160766601562 25.892000198364257812 25.8899993896484375 25.829999923706054688 25.59600067138671875 25.492000579833984375 25.400999069213867188 25.200000762939453125 24.9459991455078125 25.025999069213867188 52.854999542236328125 52.65599822998046875 52.457000732421875 52.257999420166015625 51.936000823974609375 51.535999298095703125 51.1360015869140625 50.73799896240234375 51.879001617431640625 51.90399932861328125 51.83599853515625 51.43199920654296875 51.44699859619140625 51.45999908447265625 51.38700103759765625 22.099000930786132812 21.995000839233398438 21.743999481201171875 21.759000778198242188 21.697999954223632812 21.507999420166015625 21.482000350952148438 21.586000442504882812 21.372999191284179688 21.115999221801757812 20.865999221801757812 20.813999176025390625
26.37400054931640625 26.371000289916992188 26.315000534057617188 26.218000411987304688 26.108999252319335938 26.01399993896484375 25.884000778198242188 25.728000640869140625 25.648000717163085938 25.56800079345703125 25.452999114990234375 25.233999252319335938 25.163999557495117188 32.1829986572265625 52.993000030517578125 52.800998687744140625 52.601001739501953125 52.394001007080078125 52.02899932861328125 51.630001068115234375 51.244998931884765625 44.7220001220703125 52.19499969482421875 51.970001220703125 51.93199920654296875 51.868999481201171875 51.770999908447265625 51.68399810791015625 51.560001373291015625 29.520999908447265625 22.079999923706054688 21.9029998779296875 21.892000198364257812 21.745000839233398438 21.577999114990234375 21.6790008544921875 21.829999923706054688 21.483999252319335938 21.197000503540039062 20.9459991455078125 20.690000534057617188
26.29199981689453125 26.240999221801757812 26.1660003662109375 26.128000259399414062 26.065999984741210938 25.995000839233398438 25.912000656127929688 25.815999984741210938 25.752000808715820312 25.6529998779296875 25.503000259399414062 25.29000091552734375 25.3470001220703125 53.23799896240234375 53.106998443603515625 52.950000762939453125 52.743000030517578125 52.51200103759765625 52.12400054931640625 51.77700042724609375 51.560001373291015625 52.645999908447265625 37.814998626708984375 22.957000732421875 37.423999786376953125 44.657001495361328125 51.9160003662109375 51.854000091552734375 51.7350006103515625 22.350999832153320312 22.104000091552734375 22.059999465942382812 22.011999130249023438 21.865999221801757812 21.757999420166015625 21.899000167846679688 22.197000503540039062 22.059999465942382812 21.627000808715820312 21.1959991455078125 20.813999176025390625
51.881000518798828125 25.787000656127929688 25.938999176025390625 26.11100006103515625 25.961000442504882812 25.7779998779296875 25.839000701904296875 25.830999374389648438 25.788000106811523438 25.691999435424804688 25.544000625610351562 25.381999969482421875 25.271999359130859375 25.215999603271484375 39.092998504638671875 53.007999420166015625 52.898998260498046875 52.615001678466796875 52.301998138427734375 52.076000213623046875 52.15000152587890625 52.93000030517578125 52.694000244140625 52.5410003662109375 52.33100128173828125 30.285999298095703125 37.4290008544921875 51.95600128173828125 44.555999755859375 22.45999908447265625 22.194000244140625 22.198999404907226562 22.115999221801757812 21.93199920654296875 21.979000091552734375 22.107999801635742188 22.580999374389648438 22.628999710083007812 22.228000640869140625 21.795999526977539062 21.363000869750976562
78.07599639892578125 77.9199981689453125 77.858001708984375 38.866001129150390625 25.989000320434570312 25.961999893188476562 25.815999984741210938 25.761999130249023438 25.756000518798828125 25.646999359130859375 25.516000747680664062 25.410999298095703125 25.3209991455078125 25.188999176025390625 24.979000091552734375 24.88899993896484375 24.837999343872070312 45.702999114990234375 52.575000762939453125 52.3470001220703125 53.4160003662109375 53.200000762939453125 53.009998321533203125 52.800998687744140625 52.629001617431640625 52.45999908447265625 52.26599884033203125 52.145000457763671875 22.788999557495117188 22.587999343872070312 22.37599945068359375 22.312999725341796875 22.201999664306640625 22.024999618530273438 22.169000625610351562 22.909000396728515625 23.034000396728515625 23.08300018310546875 22.827999114990234375 22.395999908447265625 21.927000045776367188
78.18399810791015625 78.072998046875 78.06600189208984375 77.9680023193359375 78.029998779296875 26.033000946044921875 25.926000595092773438 25.783000946044921875 25.724000930786132812 25.55500030517578125 25.391000747680664062 25.315999984741210938 25.228000640869140625 25.155000686645507812 25.065000534057617188 24.93000030517578125 24.761999130249023438 24.5970001220703125 24.430999755859375 31.385000228881835938 24.354999542236328125 38.819000244140625 53.366001129150390625 53.048999786376953125 52.884998321533203125 52.676998138427734375 52.479999542236328125 52.285999298095703125 22.853000640869140625 22.739000320434570312 22.524000167846679688 22.406000137329101562 22.270000457763671875 22.283000946044921875 22.440000534057617188 23.267000198364257812 23.27700042724609375 23.384000778198242188 23.358999252319335938 22.97100067138671875 22.44499969482421875
78.30100250244140625 78.2480010986328125 78.23400115966796875 78.19899749755859375 65.20400238037109375 26.190000534057617188 26.01300048828125 25.920999526977539062 25.822000503540039062 25.576000213623046875 25.395000457763671875 25.371000289916992188 25.226999282836914062 25.090000152587890625 24.94499969482421875 24.875 24.75099945068359375 24.65200042724609375 24.479000091552734375 24.340000152587890625 24.158000946044921875 24.093000411987304688 24 23.962999343872070312 45.772998809814453125 52.891998291015625 52.6920013427734375 23.180999755859375 22.961000442504882812 22.865999221801757812 22.642000198364257812 22.531999588012695312 22.420000076293945312 22.479000091552734375 23.038000106811523438 23.131999969482421875 23.239999771118164062 23.2910003662109375 23.322999954223632812 23.364999771118164062 23.392999649047851562
