CA_model_OCC_220412-v2/clipped_raster_4m_big3.asc
ncols        389
nrows        360
xllcorner    523838.000000000000
yllcorner    5040458.000000000000
cellsize     4.000000000000
NODATA_value -9999
[rows 136 to 169 of 360, columns 0 to 76 of 389]
62986 62728 62652 38227 38118 37962 37967 37855 37707 55231 55042 54943 54836 54850 54980 55107 50828 55027 54926 54869 37114 56813 56731 56749 37056 77882 77850 77761 77725 45046 53168 53147 44988 36872 36861 36937 37030 37488 37856 37693 37563 37517 37495 36011 34749 34671 34737 34607 34654 35060 49338 63382 63350 63249 34836 34984 91136 91416 35490 35620 35452 35131 34662 34241 34054 33772 32810 32356 58926 58945 58966 45713 45662 58732 58561 58469 58990
63404 63149 38424 38208 38153 38115 38062 37997 37824 55352 54955 54765 54688 54750 55048 55507 38112 37535 37455 37470 37549 37334 37123 37231 37214 37144 37144 37154 37212 37297 37580 37371 37393 37596 37380 37325 37436 37255 54987 72703 37378 37297 37129 36809 35083 34720 34772 34660 34662 34944 63106 91129 91103 90992 34695 34800 90829 91105 91269 91435 35554 35802 52826 70350 70159 69414 32992 32366 58882 58925 58963 58986 59011 59396 59317 59241 59728
64442 64468 63971 63526 50892 38256 38163 38083 37947 37904 37350 37128 36938 85284 85888 86485 38669 37919 37796 37684 37593 37515 37436 37355 37341 37348 37262 37239 37097 37309 37336 37278 37325 37314 37287 37255 37294 54935 72721 72828 73261 38171 37261 37055 35212 34795 34809 34694 34712 34786 62810 90833 90809 90783 34614 34527 90773 90969 91162 91319 35305 35476 44371 70456 69837 69205 33055 32328 58907 58908 58905 58906 59023 59737 59906 59877 59931
64557 64455 64262 63808 57455 38554 38313 38199 38015 85988 85562 85191 36913 85284 85861 86434 38614 37970 37727 37585 37441 37325 37259 37260 37272 117451 117457 117429 117460 117530 117530 117531 117529 117486 117458 37342 37252 37287 72851 73131 73346 38149 37324 36785 35159 34771 34850 34718 34746 34818 62827 90842 90821 90806 34603 34499 90701 90891 91017 91137 35114 35127 35234 70177 69545 68901 32803 32339 58902 58909 58909 58905 32381 32804 33397 33372 33387
64555 64443 64240 64040 63782 38609 38398 38299 38138 86120 85762 85399 36995 85296 85786 86333 38541 37834 37701 37532 37362 37204 37181 37199 37240 117436 117443 117409 117431 117488 117512 117520 117562 117533 117494 37314 37209 37235 72812 73138 73408 38237 37393 36805 35278 34926 34848 34790 34800 34799 62807 90820 90784 90754 34598 34546 90635 90714 90834 90956 34923 34926 34971 69969 69361 68754 32733 32354 58906 58891 58875 58864 32334 32943 33332 33297 33333
64552 64430 64226 64024 63821 38626 38468 38404 38212 86208 85843 85463 37036 85318 85794 86162 38355 37968 37706 37510 37261 37070 37139 37199 37245 117444 117450 117486 117481 117448 117451 117458 117473 117441 117443 37292 37266 37268 72812 73145 73490 38180 37757 37145 35365 34950 34876 34811 34829 34855 62862 90864 90816 90777 90809 90770 90684 90545 90652 90773 34733 34735 34738 69792 69244 68695 32700 32352 58977 58993 58973 58931 32355 32890 33307 33238 33264
64548 64415 64212 64010 63908 38689 38560 38511 38293 86310 85915 85487 37035 85108 85284 85524 37774 37973 37683 37531 37297 37264 37247 37235 37254 117454 117471 117565 117510 117481 117503 117460 117415 117439 117447 37323 37288 37321 72813 73150 73234 37558 37390 37099 35447 35007 34913 34792 34824 34851 62869 90867 90820 90822 90746 90745 90691 90616 90475 90591 34543 34547 34552 69868 69374 68829 32929 32362 59437 59589 59606 59137 32345 32710 33298 33209 33216
64544 64401 64198 64068 63907 38721 38661 38630 38438 86430 86035 85656 85340 85288 85184 85133 37165 37854 37703 37555 37441 37357 37325 37303 37265 117536 117468 37325 37223 37287 37308 37285 37230 37257 37297 37296 37075 37207 37147 54470 35662 35464 36416 36936 35613 35054 34940 34863 34854 34868 34805 62826 62781 62774 62648 62634 62642 62595 62459 62364 34364 34333 34321 69663 69493 69125 33836 33658 60233 60154 46808 46703 32892 33404 33422 33205 33184
64541 64387 64237 64081 63967 38821 38776 38753 38551 86594 86323 85983 85661 85664 85718 85594 37519 37887 37785 37651 37542 37568 37510 37346 37279 37302 37163 37062 37134 37172 37120 37094 37233 37242 37133 36809 36318 36455 36133 35931 35680 35464 35859 35718 35284 34986 34993 34896 34871 34871 34807 34789 34844 34761 34564 34503 34446 34380 34414 34276 34218 34159 34110 34008 33900 33806 33784 33722 33630 33580 33515 33543 33418 33292 33177 33124 33037
64544 64419 64264 64163 64257 38931 38868 38870 38623 62700 62613 62291 61923 61940 62063 62059 37968 37847 37745 37638 37569 37479 37362 37253 37121 37052 37023 36871 36747 36670 36562 36451 36354 36398 36644 36384 35951 35826 35740 35638 35502 35363 35277 35143 35047 34984 35048 34988 34852 34792 34781 34845 34686 34750 34573 34427 34401 34360 34313 34191 34087 34052 34002 33921 33865 33835 33768 33701 33685 33609 33514 33502 33431 33334 33279 33244 33201
39447 39297 39190 39109 39000 38977 38950 38920 38731 38604 38544 38498 38189 38216 38221 37987 37842 37776 37639 37607 37464 37398 37300 37146 37063 37096 36984 36803 36663 36628 36548 36492 36340 36232 36240 36084 35955 35837 35757 35648 35589 35506 35430 35272 35227 35149 35101 35073 35011 34945 34881 34894 34755 34708 34623 34564 34510 34446 34371 34304 34184 34175 34107 34031 33964 33906 33874 33815 33684 33616 33562 33510 33422 33354 33247 33224 33172
39457 39350 39262 39141 39085 39054 39018 38964 38838 38708 38566 38506 38418 38368 38250 38104 38008 37894 37796 37672 37581 37466 37336 37264 37213 37145 37018 36982 36859 36733 36590 36521 36394 36310 36219 36091 36013 35905 35794 35690 35617 35518 35381 35286 35221 35151 35141 35086 34928 34885 34844 34722 34747 34653 34584 34519 34430 34345 34323 34287 34187 34114 34051 34000 33927 33828 33882 33797 33691 33602 33539 33530 33495 33423 33356 33336 33239
39547 39451 39341 39219 39100 39046 39036 39008 38856 38701 38576 38487 38388 38247 38180 38058 37960 37867 37752 37629 37524 37379 37272 37148 37100 36973 36974 36950 36775 36642 36563 36512 36371 36287 36176 36110 36002 35864 35786 35676 35641 35498 35426 35338 35233 35066 35061 35034 34993 35120 34947 34904 34809 34744 34811 34762 34681 34754 34793 34542 34460 34456 34440 34538 34185 33977 33894 33818 33919 33881 33985 34098 34261 34164 34140 34183 34152
39504 39472 39325 39207 39131 38951 39008 39044 38804 38747 38635 38467 38373 38423 38302 38208 38091 38009 37887 37773 37667 37493 37452 37371 37285 37091 36919 36915 36670 36689 36908 36849 36756 36578 36476 36314 93445 64715 93320 35791 35742 35583 36193 36362 36111 35048 35109 35040 35157 35617 52321 68176 67613 51338 36002 36964 36481 36628 36559 36508 36085 35204 35167 35189 34362 33989 33961 33856 33975 34146 34480 34618 34654 34917 34920 35205 34511
39799 39876 39574 39375 39345 39102 39057 39101 38820 38909 38887 38756 38866 38735 38710 38709 38695 38311 38117 38043 37878 47230 47259 37809 37583 37164 36965 36914 36694 36820 37390 37493 37564 43446 42841 36354 93508 93424 93313 35847 46177 46686 47054 41738 36222 35076 35138 35075 35597 36369 68906 68734 68131 67950 68669 37023 37064 36843 50625 64366 50140 64789 64813 50021 34787 34064 33983 33917 34046 37403 46818 46832 47039 47272 47513 35307 34551
69273 69275 71880 71786 55596 39164 39098 39136 38900 38983 38954 39002 39045 39102 57168 57081 38678 38381 38170 38134 56888 56820 56821 37860 37589 37213 36946 36957 36737 36937 49800 49903 49965 49670 49058 36342 93473 93379 93303 64539 46488 46965 47084 47061 36036 35181 35127 35116 35756 36579 68794 68909 68648 68567 68905 36990 36966 57531 64442 63760 62912 64875 64881 57471 34918 34441 34096 33954 34049 40324 46710 46916 47149 47389 47605 47657 46999
69349 69219 71898 71820 71735 39238 39133 39175 38956 39041 39070 39122 39193 39123 57340 57293 48045 38436 38227 38158 56854 56735 56700 47246 37542 37230 37000 36982 36766 37106 49735 49968 50012 49511 49035 36871 93695 93424 93353 79057 41737 47038 47126 36538 35912 35177 35208 35132 35794 36646 44879 52879 52929 36962 36956 36901 36928 64340 64139 63529 62890 64907 64915 64909 34895 34329 34057 33959 34060 40455 46818 47065 47260 47435 47547 47606 47007
69386 69237 71926 71815 71709 39300 39165 39220 38998 39102 39146 39192 39270 39243 57392 57304 57215 38561 38304 38192 37944 37843 37740 37686 37563 37211 37016 37006 36789 37113 49782 49731 49820 49851 49750 37335 93861 93579 93434 65015 36347 36426 36297 36316 35944 35188 35247 35194 35088 35897 49114 61327 61487 61505 61396 61419 37038 50620 64039 63559 63047 50133 50127 50050 34942 34199 34115 33985 34103 40509 46911 47091 47264 47372 47469 47547 47056
69473 69302 71983 55823 55771 39324 39198 39267 39033 39144 39167 39213 39282 39277 57135 57115 57114 38840 38612 38245 37998 37880 37727 37607 37460 37218 37036 37037 36836 37072 37238 37402 37415 37427 37339 37287 50894 64401 64224 63991 34829 34967 35086 35209 35398 35178 35270 35231 35100 35558 49075 61337 61460 61472 61464 61530 61457 50594 64383 63957 63300 35338 35254 35113 34871 34233 34082 34025 34161 40531 46922 47092 47197 47294 47391 47478 47104
55809 55499 55323 55253 55125 47180 39270 39325 39107 39146 39215 39241 39319 39069 57126 57189 57172 38766 38497 38271 38048 37836 37655 37520 37351 37257 37059 37062 36901 36883 37323 58149 65014 65037 64761 37133 51021 64567 64059 63510 34815 34917 35085 35213 35348 35213 35294 35277 35160 36153 49001 61336 61446 61399 61509 61450 61424 43724 64239 50525 49728 35308 35237 35057 34486 34182 34043 34055 34176 34324 46917 47030 47120 47216 47314 47406 47173
55674 55363 55268 55251 55159 47255 39300 39392 39180 39168 39240 39306 39405 39260 57185 57224 48000 38811 38442 38280 38087 37990 37667 37526 37435 37283 37069 37065 36931 37039 37477 51292 64959 64900 57771 37116 50967 64607 64213 63888 35470 35933 36063 36004 35639 35269 35285 35270 35250 36049 36790 48452 48545 48605 48616 37036 37081 36589 35294 35112 35125 35125 35177 34968 34599 34277 34097 34073 34133 34300 34474 47010 47157 47305 47451 41277 41066
55533 55246 55210 55238 55157 47299 39373 39447 39254 39175 39579 39493 39532 39458 39147 39058 38968 38721 38499 38280 38085 37915 37704 37559 37501 37333 37092 37085 36924 43998 51250 51422 51618 65509 65389 65313 65245 65071 64897 64723 64547 64415 64224 64063 63827 35336 35310 35322 35226 35631 36815 60047 59811 59745 59946 37124 37037 35902 35074 34962 34903 34857 34929 34891 34574 34287 34146 34099 34188 34402 34478 46831 47034 47079 41043 34982 34911
55322 55152 55150 55190 55165 47346 39442 39505 39317 39340 66462 66429 66403 66190 66140 66069 66024 38747 38535 38310 38108 37916 37721 37611 37479 37339 37117 37091 36910 51102 65313 65506 65516 65403 65352 65301 65196 65078 64903 64722 64542 64362 64214 63974 63709 35394 35352 35328 35205 35512 36405 59241 59062 58981 59217 36472 36597 35899 35014 35013 35009 34992 34977 34920 34529 34320 34194 34190 34389 50088 50092 50047 66042 66239 66368 34727 34681
39422 47343 55137 55180 39522 39577 39485 39574 39405 39355 66336 66401 66246 66255 66212 66073 66024 39137 38592 38350 38131 37881 37782 37631 37524 37319 37148 37117 36964 37088 65317 65461 65398 65368 65329 65238 65122 65005 64889 64725 64530 64350 64170 64002 63743 35409 35405 35372 35372 35461 41534 41501 35436 59666 47541 47556 35500 35328 35056 35284 34996 35012 35035 34958 34759 34368 34192 34229 34242 65123 65000 65194 65719 66206 66392 34625 34587
39859 39718 55477 55419 39586 39669 39557 39641 39441 39378 66360 66305 66314 66324 66283 66143 66010 52491 38536 38340 38119 37945 37732 37622 37506 37386 37158 37140 36947 37085 65381 65384 65388 65355 65279 65163 65046 64930 64814 64697 64550 64349 64158 63980 63787 35517 35436 35460 35269 35456 59722 59721 59630 59636 59686 59744 35518 35253 34994 34965 34972 34962 35003 35032 34853 34406 34207 34282 34233 32637 32713 33237 49565 65896 66360 34656 34601
40384 40250 40088 39965 39918 39760 39642 39702 39498 39505 66366 66375 66384 66394 66355 66216 66075 52488 38533 38357 38076 37981 37807 37648 37562 37410 37174 37189 37008 37196 65372 65402 65376 65321 65204 65088 64972 64855 64739 64622 64506 64372 64174 63972 63787 35483 35466 35485 35349 35451 59696 59630 59635 59639 59652 59682 35529 35199 34988 34932 34890 34875 34941 34936 34625 34411 34278 34334 34231 64992 64694 64950 65318 65799 66306 34695 34597
40468 40279 40095 39925 39843 39817 39695 39762 39559 39562 66444 66445 66454 66463 66427 66287 66150 52568 38628 38411 38174 37934 37810 37681 37539 37410 37211 37229 37056 37243 65419 65400 65362 65246 65130 65013 64897 64780 64664 64547 64431 64314 64191 63999 63797 35519 35496 35527 35328 35479 59646 59655 59659 59663 59668 59684 35473 35259 35058 34944 34937 34929 34949 35068 34833 34414 34326 34369 34269 50121 65905 66115 58372 66372 66378 34850 34734
40596 40385 40120 39984 39789 39877 39764 39830 39666 39574 66501 66490 66523 66532 66500 66360 66247 52545 38662 38442 38245 38003 37833 37717 37755 37466 37254 37265 37109 37296 65425 65403 65288 65171 65055 64938 64822 64705 64589 64473 64357 64240 64123 64006 63824 35601 35515 35534 35389 35488 59674 59679 59683 59687 59693 59697 35462 35325 35153 35097 35105 35138 35248 35183 34905 34559 34352 34369 34302 42442 65754 65680 49810 65546 65864 66389 66469
40711 40514 40345 40177 40069 39975 39864 39893 39742 39701 66554 66589 66537 66590 66571 66454 66228 45830 38862 38538 38469 38113 37959 37557 37710 37536 37300 37291 37114 37321 65440 65329 65213 65096 64980 64863 64748 64630 64514 64398 64281 64165 64048 63932 63815 35606 35520 35547 35412 35469 59701 59705 59709 59711 59711 59708 35479 35321 65826 65809 65797 65844 65786 50470 34830 34497 34324 34300 34228 34112 65018 64728 48831 64848 65476 65996 66177
40863 40705 40553 40393 40244 40077 39894 39959 39764 39652 53172 53184 53159 53084 46324 39519 39481 39274 38978 38780 38289 37901 37236 37147 37320 37508 37307 37324 37175 37355 65404 65298 65190 65081 64971 64860 64750 64639 64528 64418 64307 64196 64085 63975 63864 35614 35541 35565 35376 35460 59728 59730 59733 59730 59729 59724 35517 35289 65676 65695 65701 65737 65755 50441 34716 34405 34235 34229 34087 33834 64498 64130 48190 64549 65067 65585 65874
40792 40621 40471 40275 40133 39962 39935 40024 39847 39729 66075 66063 66007 66054 66126 39683 39569 56700 73742 107891 107417 107009 106669 106834 72567 37756 37354 37375 37140 37411 65439 65336 65230 65127 65022 64918 64813 64710 64604 64501 64393 64285 64176 64066 63955 35676 35562 35585 35468 35560 58738 58748 58778 58801 58807 58754 58660 35133 35082 35126 53046 52803 52623 43730 34520 34246 34136 34127 34012 33883 64575 64184 48317 64511 64957 65271 65575
40998 40823 40682 40499 40322 40148 40097 40094 39905 39784 66176 65823 65782 66027 52893 39695 38813 73752 108404 108031 107659 107286 106953 107103 72776 37745 37421 37404 37277 37431 65468 65360 65252 65145 65036 64928 64818 64707 64596 64484 64372 64258 64142 64029 63920 35646 35592 35632 35506 35627 58840 58839 58823 58751 58668 58586 58504 35090 34961 35124 71257 69821 69569 69701 34209 34142 33956 34010 33859 34007 49098 48840 33165 33559 33685 33920 33862
41058 40866 40702 40500 40312 40114 40090 40129 39980 39849 68884 68663 68459 68293 68683 39563 38475 108123 108297 108295 107937 107564 107240 107438 72968 37797 37433 37432 37342 37408 65392 65281 65172 65062 64959 64854 64751 64653 64556 64458 64360 64262 64164 64067 63969 35759 35633 35697 35565 35644 58834 58754 58675 58596 58517 58441 58327 34863 34915 85947 59109 33056 33196 33475 33831 34022 33921 33973 33849 34022 34074 34064 34064 33838 33680 34152 34117
41019 40872 40695 40565 40398 40280 40023 40146 40030 39845 69036 68980 68873 68768 68444 39274 38391 107784 107956 108129 108162 107844 107530 107763 73115 37774 37492 37449 37308 37391 65396 65298 65201 65104 65006 64909 64811 64714 64617 64518 64421 64323 64226 64128 64030 35791 35682 35742 35534 35690 58851 58768 58625 58413 58184 57953 57723 85154 85170 84524 84003 84215 84425 84698 84823 33988 33830 33874 33833 33910 79620 79718 33970 33161 55631 79061 79768
