CA_model_OCC_220412-v2/clipped_raster_4m_big3.asc
ncols        389
nrows        360
xllcorner    523838.000000000000
yllcorner    5040458.000000000000
cellsize     4.000000000000
NODATA_value -9999
[rows 136 to 169 of 360, columns 308 to 384 of 389]
10695 10524 10535 10454 10419 10347 10296 10246 10223 10143 60793 60838 10366 10345 10332 10333 10329 10321 10294 10266 10294 10286 10282 10287 10284 10287 10172 10288 10296 10214 10187 10195 10151 10179 10193 10153 10157 10134 10222 10122 10143 10154 10058 10041 9996 9980 10012 10069 10057 9995 9962 9980 10002 10108 10086 10058 10079 10080 10124 10133 10118 10130 10086 10057 9998 9993 10034 10069 10075 9984 10033 10105 10184 10278 10322 10355 10295
10422 10367 10345 10354 10252 10203 10233 10266 10306 10167 10139 10180 10190 10197 10177 10166 10172 10178 10182 10216 10227 10212 10223 10217 10179 10236 10255 10272 10302 10270 10234 10282 10320 10314 10295 10279 10263 10242 10272 10259 10267 10259 10211 10162 10090 10053 10055 10077 10064 10024 10009 10026 10063 10139 10132 10169 10159 10174 10158 10129 10119 10062 10104 10010 9966 9943 10012 10076 10074 10032 10009 10045 10124 10211 10219 10257 10236
10433 10392 10383 10327 10305 10293 10314 10347 10337 10307 10282 10270 10273 10257 10268 10233 10247 10248 10262 10264 10271 10266 10264 10261 10242 10242 10282 10278 10291 10275 10212 10229 10269 10290 10267 10294 10252 10230 10230 10200 10212 10176 10132 10057 9973 9970 10006 10054 10046 9987 9944 9964 10022 10056 10129 10184 10120 10142 10091 10090 10108 10135 10132 10098 10119 10095 10038 10062 10077 10068 10198 10229 10240 10243 10171 10256 10242
10411 10379 10348 10308 10273 10238 10232 10270 10308 10244 10184 10151 10143 10153 10133 10119 10138 10154 10174 10171 10147 10140 10144 10139 10149 10118 10173 10273 10299 10234 10121 10188 10283 10209 10220 10249 10224 10255 10260 10272 10241 10244 10191 10185 10238 10227 10021 10013 9998 10014 36075 36113 36149 36149 36110 49048 62029 62061 27382 27400 27400 27478 27351 27313 27328 18842 10190 10040 10072 10244 130441 130398 130453 130493 130518 130502 130452
10430 10464 10428 10406 10386 10350 10291 10209 10264 10111 10240 10252 10271 10264 10280 10255 10247 10285 10294 10311 10314 10333 10366 10365 10404 10292 10123 10245 10309 10200 10233 64226 64199 64268 64306 64330 64360 64351 64351 64349 29698 29671 29656 29670 29597 29545 10114 9992 9956 10154 62029 62088 62094 62070 62059 62078 62095 62004 27380 27324 27340 27397 27475 27427 27361 18820 10042 10029 10052 10203 130412 130435 130471 130495 130515 130536 130515
10619 10570 10566 10504 10461 10430 10319 10220 10263 10126 10269 10381 10406 10398 10520 57927 105573 105619 105677 105607 57941 10452 10583 10535 10541 10298 10151 10251 10310 10238 10188 64143 64234 64308 64337 64345 64353 64333 64317 64347 29700 29672 29636 29617 29574 29480 10124 9946 9945 10131 62031 62057 62055 62061 62077 62059 61988 27382 27378 27373 27338 27314 27357 27449 27413 18813 10098 10024 10044 10219 130456 130448 130474 130494 130514 130534 130554
10692 10699 10653 10659 10557 10494 10426 10179 10271 10165 10243 105522 105602 104380 105435 105523 105643 105799 105743 105614 105613 105602 105553 105580 105541 10262 10165 10259 10312 10259 10179 64184 64255 64303 64329 64337 64334 64309 64340 64322 46991 29660 29636 29601 29562 29497 10104 9916 9920 10049 62020 62028 62063 36205 10287 61989 61982 44679 27376 27371 27366 27355 27307 27322 27419 18805 10101 10000 10029 10183 130425 130454 130475 130496 130517 130540 130562
10760 10727 10719 10756 10620 10521 10404 10217 10270 10166 10236 105530 105803 105034 105440 105791 105851 105926 105808 105769 105688 105607 105580 105533 105527 10232 10175 10263 10291 10202 10205 64197 64251 64296 64322 64329 64319 64327 64315 64299 46966 29635 29619 29592 29568 29492 10084 9923 9945 10091 61970 62063 62056 36137 10254 61984 61979 44677 27373 18798 18793 27359 27365 27321 27291 18819 10069 9980 10021 10114 130396 130420 130443 130470 130492 130514 130532
10820 10843 10811 10740 10690 10550 10413 10289 10257 10160 10219 105628 105945 105640 105801 106058 106050 105991 105910 105830 105748 105666 105585 105542 105514 10208 10174 10256 10318 10232 10188 64191 64245 64289 64314 64315 64309 64307 64290 64275 46943 29611 29594 29578 29550 29535 10109 9976 9959 10089 36154 62039 61997 36125 10248 61982 61977 36104 10230 10226 18790 27357 27351 27364 27334 27297 10127 9969 10007 10130 130395 130427 130451 130476 130502 130525 130550
10878 10881 10825 10762 10699 10627 10406 10267 10232 10156 10203 105842 58549 58635 34953 11097 106134 106053 105972 105889 105808 105725 105644 105563 10365 10212 10161 10236 10307 10228 10171 64163 64239 64283 64306 64300 64299 64284 64267 64250 46918 29587 29570 29553 29538 29506 10131 9977 9989 10113 36133 61987 61997 61988 10246 61979 61975 36101 10228 10223 18788 27354 27349 27345 27359 27346 10033 9950 9991 10094 130424 130458 130481 130505 130529 130553 130576
10928 10913 10842 10713 10653 10644 10407 10188 10238 10176 10221 10625 10890 10998 10964 10956 11056 106106 106029 105941 105859 105781 105694 105612 10413 10253 10176 10233 10311 10222 10137 64155 64238 64276 64297 64292 64275 64258 64243 64226 46894 29563 29547 29530 29513 29497 10178 9975 10006 10080 36127 61998 61990 61985 10243 61976 61973 36099 10225 10220 18786 27351 27347 27342 27337 27353 10134 9939 9985 10106 86597 86639 86670 86707 86750 86806 86868
10950 10923 10848 10745 10637 10654 10469 10181 10223 10159 10216 10936 10945 10912 10929 11028 11029 106083 106008 105932 105854 105775 105696 105637 10450 10299 10194 10233 10273 10229 10177 37235 64286 64273 64283 64267 64252 64235 46905 46893 38218 29545 29535 29530 29524 29521 10224 10016 10015 10145 18823 27395 27391 27387 18812 10236 10232 10228 10223 10218 18784 27349 27345 27340 27335 27325 10049 9921 9970 10045 42786 42848 42898 42945 42989 43046 43093
10876 10923 10855 10786 10693 10644 10462 10136 10212 10169 10222 10939 10976 10901 10928 11022 11000 106053 105978 105902 105826 105750 105675 105600 10398 10282 10184 10217 10290 10249 10145 37209 64312 64253 64230 64212 64202 64196 29565 29564 29566 29567 29569 29571 29572 29574 10236 10035 10029 10111 18833 27419 27389 27384 18809 10235 10230 10226 10220 10216 18781 27347 27342 27338 27326 27345 10042 9901 9959 9999 42747 42818 42872 42939 42983 43022 43063
10870 10883 10837 10815 10714 10622 10402 10193 10207 10154 10209 10932 10974 10935 10919 10967 10969 106023 105948 105874 105798 105715 105645 105569 10374 10281 10184 10208 10282 10216 10141 37209 64247 64247 64227 64223 64228 64232 29605 29608 29612 29616 29619 29622 29626 29629 10240 10062 10053 10161 18851 27430 27407 27383 18807 10232 10227 10222 10218 10213 18779 27345 27340 27329 27348 27336 10092 9894 9943 9997 26474 42830 42871 42912 42952 42993 43023
10865 10929 10787 10822 10774 10634 10429 10308 10300 10184 10189 10696 10952 11000 11003 10940 10998 106054 105976 105899 105817 105733 105651 105569 10345 10276 10179 10213 10270 10211 10149 37216 64235 64227 64234 64242 64239 64242 29615 29619 29622 29626 29629 29633 29637 29626 10278 10048 10054 10162 18837 27411 27406 27396 27376 27371 27367 27361 27357 27352 27347 27342 27335 27354 27350 27328 10087 9871 9926 9977 26467 42801 42842 42881 42922 42963 42950
10902 10866 10812 10755 10663 10585 10460 10359 10237 10119 10148 105586 106096 106131 106116 106267 106129 106039 105959 105877 105793 105709 105627 105537 105484 10234 10190 10157 10266 10193 10100 37221 64206 64221 64222 64248 64254 64253 38283 29629 29633 29636 29640 29643 29628 29567 10248 10049 10041 10145 18825 27389 27382 27384 27382 27369 27363 27359 27354 27350 27345 27344 27362 27362 27367 27288 10072 9856 9901 9964 26461 42779 42811 42851 42893 42921 42861
10791 10850 10823 10772 10667 10585 10499 10372 10251 10128 10151 105470 105867 105989 105968 106097 106028 105904 105921 105853 105769 105685 105597 105579 105511 10288 10175 10180 10264 10213 10125 37177 64207 64215 64221 64231 64260 64269 46951 29640 29643 29647 29650 29629 29576 29579 10249 10046 10027 10121 18813 27404 27347 27355 27363 27368 27362 27357 27352 27347 27353 27372 27377 27399 27340 27310 10061 9936 9896 9961 26440 42727 42785 42823 42861 42856 42808
10735 10814 10831 10743 10633 10577 10468 10370 10272 10140 10151 105424 105712 105833 105829 105893 105839 105799 105762 105791 105745 105658 105646 105634 105622 10310 10177 10169 10260 10205 10084 37216 64198 64209 64217 64203 64241 64273 46965 29650 29653 29656 29632 29586 29597 29591 10276 10056 10013 10086 10238 27399 27342 27300 27325 27344 27353 27355 27351 27363 27381 27397 27428 27409 27374 27302 10058 9947 9914 9968 26452 42731 42729 42786 42819 42775 42794
10662 10756 10789 10726 10608 10515 10439 10351 10239 10146 10155 10240 10517 10478 10460 10457 105624 105622 105593 105620 105575 10382 10371 10351 10339 10268 10189 10159 10230 10214 10077 37225 64223 64198 64212 64191 64235 64259 46973 29660 29661 29632 29594 29613 29582 29608 10272 10067 10011 10091 10241 27457 27341 27359 27283 27357 27386 27390 27388 27386 27378 27453 27411 27411 27379 27324 10093 9963 9937 9984 10190 10216 10197 10173 10168 10163 10135
10613 10725 10721 10615 10538 10495 10429 10360 10260 10140 10140 10227 10223 10209 10237 10228 10232 10232 10220 10238 10278 10222 10243 10253 10241 10191 10168 10146 10245 10214 10078 10260 10276 10277 10285 10266 10231 10269 10182 10210 10174 10245 10232 10261 10249 10239 10226 10024 10019 10032 10161 10157 10168 10145 10073 10066 10057 10109 10124 10081 10117 10105 10071 10064 10083 10052 10013 9907 9997 9967 10058 10049 9997 10102 10099 10105 10134
10590 10552 10497 10431 10485 10404 10337 10290 10218 10194 10094 10189 10184 10178 10180 10174 10111 10128 10156 10112 10109 10140 10132 10128 10113 10130 10103 10167 10242 10226 10117 10118 10138 10070 10126 10102 10142 10204 10136 10165 10159 10183 10144 10188 10063 10044 10039 10007 10015 9986 9949 9930 10008 10023 10074 10104 10110 10129 10143 10151 10158 10140 10149 10109 10021 9957 9975 10001 10046 10019 9974 9978 10076 10190 10199 10207 10225
10454 10431 10367 10294 10331 10315 10238 10215 10212 10184 10117 10089 10087 10066 10106 10118 10125 10117 10115 10139 10144 10153 10151 10143 10121 10140 10151 10215 10245 10250 10214 10209 10207 10242 10240 10229 10242 10279 10301 10287 10264 10232 10251 10215 10099 10033 10001 9980 9997 9975 9932 9941 9964 10072 10122 10113 10108 10105 10120 10157 10140 10140 10147 10127 10046 9982 9989 10030 10062 10020 9961 9920 9984 10114 10100 10076 10081
10427 10400 10365 10335 10292 10273 10256 10247 10232 10191 10172 10156 10145 10151 10169 10177 10186 10182 10183 10184 10194 10197 10195 10177 10160 10149 10149 10193 10207 10237 10192 10178 10183 10191 10181 10216 10185 10147 10156 10170 10164 10160 10155 10131 10017 10053 10121 9949 9960 9928 10036 10067 9926 9988 10103 10072 10029 10108 10199 10247 10249 10180 10249 10230 10252 10270 10223 10130 10083 10068 10218 10160 10139 10089 10125 10120 10104
10381 10329 10306 10292 10260 10172 10194 10161 10181 10185 10052 10075 10088 10070 10123 10135 10144 10147 10168 10164 10170 10167 10175 10174 10174 10137 10090 10135 10236 10226 10080 10080 10155 10147 10137 10149 10226 10159 10138 10168 21537 21601 21568 21598 21622 21649 10210 10036 9924 9973 10074 10116 10122 10181 10201 10202 10222 10277 34408 58591 58646 58552 58581 58562 58611 58592 10287 10205 10081 10133 10292 10299 10244 10243 10306 10270 10275
10547 10476 10434 10455 10428 10334 10288 10176 10138 10153 9997 36371 36451 36470 36534 36530 49619 62730 62750 62584 62565 62574 62617 62576 62506 62533 10213 10123 10229 10226 10055 10137 19911 19989 19949 10303 10367 10331 10335 33200 33200 33152 33079 33053 33054 33034 21614 10052 9904 10041 10087 10133 10093 10075 10088 10120 10183 10302 34487 58675 58609 58618 58602 58587 58565 58603 10306 10220 10068 10153 10316 10365 10337 10319 10329 10314 10349
10601 10591 10577 10548 10522 10445 10373 10206 10142 10120 10035 62672 62698 62818 62870 62810 62815 62856 62878 62612 62639 62591 62579 62600 62572 62554 10279 10067 10216 10239 10061 10128 19953 19959 19871 10256 10347 10374 10413 33302 33213 33143 33100 33058 33033 33066 21628 10043 9876 10028 10154 10150 10037 9923 9948 10044 10151 10286 34522 58666 58651 58636 58621 58606 58591 58568 10295 10267 10058 10093 10319 10374 10368 10350 10344 10276 10374
10699 10635 10608 10620 10573 10524 10441 10307 10165 10139 10056 62682 62763 62865 62878 62823 62846 62921 62924 62676 62703 62662 62610 62572 62588 62589 10263 10067 10193 10237 10072 10119 10150 10173 10085 10220 10363 10411 10433 33286 33207 33164 33122 33080 33039 33012 21635 9999 9862 10020 10167 10162 10016 9883 9900 10020 10145 10274 34528 58686 58670 58655 58640 58625 58610 58595 10357 10268 10045 10089 10295 10393 10379 10371 10375 10368 10415
10730 10720 10697 10662 10613 10523 10558 10320 10194 10189 10072 62708 62851 62860 62871 62838 62874 62983 62971 62740 62769 62733 62682 62630 62577 62569 10265 10071 10235 10237 10092 10121 10222 10225 10233 10289 10377 10443 10474 53527 53485 53443 53401 73617 73575 73533 41857 10051 9865 10019 10158 10114 10030 9964 9966 10045 10141 10252 10428 58726 58711 58695 58677 58660 58643 58624 10351 10249 10034 10101 10283 10407 10388 10379 10406 10406 10436
10836 10836 10773 10722 10680 10623 10509 10279 10176 10197 10117 62789 62846 62854 62866 62851 62896 63041 63013 62804 62833 62804 62754 62702 62650 62580 10287 10090 10222 10226 10114 10151 10221 10258 10384 10357 10405 10424 10441 73774 73685 73646 73606 73566 73526 73482 41839 10010 9858 9858 10099 10101 10071 10053 10039 10099 10162 10266 10380 58710 58696 58676 58655 58640 58621 58602 10330 10139 10022 10063 10230 10434 10419 10404 10426 10411 10467
10843 10871 10793 10725 10644 10590 10473 10278 10151 10196 10091 49621 62819 62849 62859 62867 62923 63081 63052 62867 62897 62874 62825 62774 62726 62616 10255 10064 10241 10246 10127 10209 10286 10396 10425 10413 10466 10469 10465 73837 73622 73564 73524 73485 73443 73455 41813 10030 9843 9868 10075 10131 10143 10142 10161 10200 10230 10304 10408 58657 58645 58631 58619 58608 58598 58590 10322 10199 10013 10058 10206 10458 10471 10449 10468 10429 10490
10826 10692 10789 10780 10739 10666 10575 10307 10170 10204 10076 36544 62767 62828 62853 62884 62948 63115 63088 62929 62962 62942 62897 62852 62770 62615 10278 10106 10233 10230 10154 10221 10256 10346 10372 10478 10510 10536 10597 73906 73718 73486 73443 73411 73415 73435 41813 10046 9825 9945 10003 10184 10196 10222 10256 10282 10309 10348 10401 58626 58616 58608 58600 58597 58593 58588 34403 10211 9995 10045 10252 10490 10491 10482 10472 10437 10505
10872 10761 10780 10765 10700 10613 10578 10367 10176 10209 10069 36531 62822 62809 62841 62906 62972 63146 63119 62986 63027 63009 62979 62931 62742 62550 10249 10152 10198 10225 10174 10264 27095 27141 27177 10574 10711 10717 38373 38495 38580 38281 38102 38123 38145 38168 24175 10007 9817 9858 10090 10176 10182 10209 10235 10262 10283 10300 10388 33187 33172 33157 33142 33127 33116 33105 21685 10132 9964 10032 10228 10481 10462 10463 10446 10444 10502
10871 10873 10849 10800 10715 10614 10629 10353 10188 10193 10100 10251 10375 10434 10478 10512 10527 10641 10755 10754 10750 10733 10710 10629 10459 10293 10166 10064 10214 10270 10183 10255 43823 43885 44146 44354 44343 44276 38257 38183 38148 38174 38120 38129 38137 38146 38153 10011 9823 9907 10081 10168 10132 10099 10109 10162 10224 10306 10411 33237 33217 33197 33178 33152 33129 33106 21675 10159 9951 10018 10237 10479 10447 10449 10423 10432 10488
10846 10844 10828 10792 10700 10564 10598 10444 10271 10255 10086 10263 10392 10403 10465 10496 10520 10615 10685 10717 10720 10702 10670 10563 10418 10256 10142 10035 10209 10266 10188 10240 43783 44004 44098 44081 44065 44076 38377 38173 38111 38157 38131 38129 38121 38116 38111 10062 9774 9878 10005 10157 10054 9993 9982 10071 10196 10290 10359 33202 33185 33166 33143 33122 33099 33077 21659 10102 9954 10004 10165 10451 10453 10433 10410 10418 10469
