CA_model_OCC_220412-v2/clipped_raster_4m_big4.asc
ncols        389
nrows        360
xllcorner    523838.000000000000
yllcorner    5040458.000000000000
cellsize     4.000000000000
NODATA_value  -3.4028234663852885981e+38
[rows 126 to 143 of 360, columns 82 to 122 of 389]
30.172000885009765625 30.047000885009765625 29.936000823974609375 29.952999114990234375 29.823999404907226562 29.743000030517578125 29.579999923706054688 29.47100067138671875 29.36199951171875 29.239999771118164062 29.104000091552734375 28.988000869750976562 28.88800048828125 28.731000900268554688 28.593000411987304688 28.468999862670898438 28.364999771118164062 28.267999649047851562 28.177999496459960938 28.086000442504882812 27.892999649047851562 27.781000137329101562 27.72100067138671875 27.770000457763671875 27.673000335693359375 27.437000274658203125 27.43199920654296875 27.204999923706054688 27.093000411987304688 26.9720001220703125 26.975000381469726562 26.812999725341796875 26.759000778198242188 26.579999923706054688 26.511999130249023438 26.437999725341796875 26.319000244140625 26.143999099731445312 26.089000701904296875 25.9029998779296875 25.829000473022460938
30.219999313354492188 30.090999603271484375 29.909000396728515625 29.990999221801757812 29.90399932861328125 29.707000732421875 29.714000701904296875 29.5709991455078125 29.51300048828125 29.438999176025390625 29.337999343872070312 29.292999267578125 29.02899932861328125 28.9720001220703125 56.40200042724609375 56.33100128173828125 56.257999420166015625 56.198001861572265625 56.078998565673828125 55.94499969482421875 55.80899810791015625 41.81999969482421875 27.781999588012695312 27.8339996337890625 27.6959991455078125 27.607000350952148438 27.50099945068359375 27.36199951171875 27.312999725341796875 27.204000473022460938 27.495000839233398438 46.6139984130859375 46.171001434326171875 45.978000640869140625 45.79000091552734375 64.94000244140625 65.0500030517578125 64.871002197265625 64.772003173828125 64.6190032958984375 64.46700286865234375
30.732000350952148438 30.54199981689453125 30.148000717163085938 30.072999954223632812 29.989999771118164062 29.864999771118164062 29.93000030517578125 29.826999664306640625 29.690000534057617188 29.5970001220703125 29.5410003662109375 29.368000030517578125 29.156999588012695312 29.017999649047851562 84.21600341796875 84.00099945068359375 83.8679962158203125 83.84100341796875 83.75 83.5970001220703125 83.47699737548828125 55.6829986572265625 27.854000091552734375 27.8600006103515625 27.759000778198242188 27.636999130249023438 27.517000198364257812 27.464000701904296875 27.3899993896484375 27.384000778198242188 37.257999420166015625 65.88300323486328125 65.5110015869140625 65.33100128173828125 65.17099761962890625 65.01000213623046875 64.90200042724609375 64.917999267578125 64.89099884033203125 64.75800323486328125 64.55999755859375
145.8650054931640625 30.61100006103515625 30.34600067138671875 30.214000701904296875 30.125 30.034000396728515625 30.131000518798828125 29.99900054931640625 29.868000030517578125 29.784000396728515625 29.627000808715820312 29.437000274658203125 29.243999481201171875 29.252000808715820312 84.3809967041015625 84 83.7740020751953125 83.75 83.7050018310546875 83.59200286865234375 83.4530029296875 55.688999176025390625 27.910999298095703125 27.941999435424804688 27.844999313354492188 27.687000274658203125 27.5540008544921875 27.506000518798828125 27.464000701904296875 27.479999542236328125 46.87599945068359375 65.8280029296875 65.647003173828125 65.48799896240234375 65.3280029296875 65.167999267578125 65.009002685546875 64.86499786376953125 64.9120025634765625 64.7949981689453125 64.59100341796875
145.930999755859375 30.79000091552734375 30.45999908447265625 30.34600067138671875 30.2779998779296875 30.22100067138671875 30.246000289916992188 30.172000885009765625 30.02700042724609375 29.90200042724609375 29.756999969482421875 29.565999984741210938 29.379999160766601562 29.410999298095703125 84.38700103759765625 83.9980010986328125 83.67099761962890625 83.63800048828125 83.615997314453125 83.5839996337890625 83.47499847412109375 83.40000152587890625 28.017999649047851562 28.024999618530273438 27.920000076293945312 27.760999679565429688 27.604999542236328125 27.548000335693359375 27.503999710083007812 27.534999847412109375 37.27700042724609375 65.97499847412109375 65.8079986572265625 65.63500213623046875 65.4680023193359375 65.29199981689453125 65.12799835205078125 64.99900054931640625 64.917999267578125 64.83499908447265625 64.67600250244140625
146.0579986572265625 30.840999603271484375 30.62400054931640625 30.545999526977539062 30.454000473022460938 30.399000167846679688 30.408000946044921875 30.340999603271484375 30.202999114990234375 30.059000015258789062 29.884000778198242188 29.683000564575195312 29.489999771118164062 29.566999435424804688 84.66699981689453125 84.02700042724609375 83.59999847412109375 83.552001953125 83.51000213623046875 83.48799896240234375 83.47299957275390625 83.464996337890625 28.058000564575195312 28.090999603271484375 27.98600006103515625 27.76399993896484375 27.650999069213867188 27.593999862670898438 27.569000244140625 27.572999954223632812 27.6529998779296875 65.990997314453125 65.83100128173828125 65.6699981689453125 65.5110015869140625 65.35399627685546875 65.19499969482421875 65.01599884033203125 64.957000732421875 64.80699920654296875 64.65599822998046875
146.0709991455078125 31.100000381469726562 30.808000564575195312 30.673999786376953125 30.61199951171875 30.524999618530273438 30.59799957275390625 30.530000686645507812 30.34600067138671875 30.163000106811523438 29.989999771118164062 29.783000946044921875 29.606000900268554688 29.69499969482421875 81.5260009765625 80.88500213623046875 80.32700347900390625 80.1829986572265625 80.21700286865234375 80.1660003662109375 80.08499908447265625 80.082000732421875 28.131999969482421875 28.145999908447265625 28.052000045776367188 27.857000350952148438 27.663999557495117188 27.641000747680664062 27.604000091552734375 27.61199951171875 27.648000717163085938 66.07599639892578125 65.95800018310546875 65.79900360107421875 65.63899993896484375 65.48000335693359375 65.35199737548828125 65.02700042724609375 65.03299713134765625 65.01200103759765625 64.81400299072265625
146.0720062255859375 31.062000274658203125 30.961999893188476562 30.830999374389648438 30.812000274658203125 30.673000335693359375 30.760999679565429688 30.65399932861328125 30.476999282836914062 30.292999267578125 30.094999313354492188 29.882999420166015625 29.7089996337890625 29.856000900268554688 81.58300018310546875 80.90799713134765625 80.46600341796875 80.36699676513671875 80.4029998779296875 80.35500335693359375 80.27300262451171875 80.1490020751953125 28.173999786376953125 28.19300079345703125 28.117000579833984375 27.896999359130859375 27.684999465942382812 27.690999984741210938 27.6399993896484375 27.628000259399414062 27.6660003662109375 66.0989990234375 66.06099700927734375 65.927001953125 65.77100372314453125 65.76999664306640625 65.4850006103515625 65.12999725341796875 65.11499786376953125 65.2350006103515625 65.04900360107421875
146.0540008544921875 31.086000442504882812 31.11100006103515625 31.023000717163085938 30.94300079345703125 30.81800079345703125 30.857999801635742188 30.839000701904296875 30.669000625610351562 30.502000808715820312 30.330999374389648438 30.16699981689453125 29.983999252319335938 30.080999374389648438 81.65200042724609375 80.9029998779296875 80.6230010986328125 80.555999755859375 80.582000732421875 80.52700042724609375 80.46199798583984375 80.2779998779296875 28.266000747680664062 28.26399993896484375 28.173000335693359375 27.979000091552734375 27.712999343872070312 27.739999771118164062 27.712999343872070312 27.673999786376953125 27.694000244140625 27.738000869750976562 27.687999725341796875 46.91400146484375 66.160003662109375 65.9459991455078125 65.60399627685546875 65.404998779296875 55.6230010986328125 46.119998931884765625 46
146.0420074462890625 31.076999664306640625 31.252000808715820312 31.201999664306640625 31.162000656127929688 31.052999496459960938 31.136999130249023438 31.20800018310546875 31.340999603271484375 30.761999130249023438 30.731000900268554688 30.523000717163085938 30.44300079345703125 30.292999267578125 55.453998565673828125 54.904998779296875 54.814998626708984375 54.755001068115234375 28.844999313354492188 28.74900054931640625 28.621000289916992188 28.575000762939453125 28.326999664306640625 28.323999404907226562 28.240999221801757812 28.0149993896484375 59.037998199462890625 59.04199981689453125 59.175998687744140625 58.9589996337890625 59.009998321533203125 58.953998565673828125 58.994998931884765625 28.003000259399414062 27.535999298095703125 27.33499908447265625 27.1660003662109375 27.160999298095703125 27.077999114990234375 26.934000015258789062 26.854999542236328125
146.029998779296875 31.065999984741210938 31.479999542236328125 31.378999710083007812 31.419000625610351562 31.177000045776367188 31.33300018310546875 31.690000534057617188 60.495998382568359375 88.3040008544921875 88.516998291015625 88.4889984130859375 88.22499847412109375 88.042999267578125 87.97100067138671875 87.147003173828125 86.8679962158203125 86.785003662109375 86.65399932861328125 86.56500244140625 28.62599945068359375 28.715000152587890625 28.408000946044921875 28.356000900268554688 28.295000076293945312 28.038999557495117188 59.062999725341796875 59.090999603271484375 59.09999847412109375 58.9720001220703125 59 58.990001678466796875 58.995998382568359375 28.025999069213867188 27.354999542236328125 27.3600006103515625 27.2220001220703125 27.18000030517578125 27.090000152587890625 26.979000091552734375 26.844999313354492188
146.05499267578125 31.01300048828125 31.58499908447265625 31.5540008544921875 31.55699920654296875 31.3899993896484375 31.521999359130859375 31.93000030517578125 87.322998046875 87.7870025634765625 88.17800140380859375 88.21700286865234375 87.9739990234375 87.89099884033203125 88.05300140380859375 87.32599639892578125 86.89299774169921875 86.8000030517578125 86.6660003662109375 86.5189971923828125 28.533000946044921875 28.7350006103515625 28.548000335693359375 28.482000350952148438 28.36199951171875 28.118000030517578125 58.9980010986328125 59.006000518798828125 59.021999359130859375 58.95600128173828125 59.007999420166015625 59.016998291015625 58.976001739501953125 28.080999374389648438 27.370000839233398438 27.354999542236328125 27.309000015258789062 27.114000320434570312 26.976999282836914062 26.8209991455078125 26.629999160766601562
146.126007080078125 31.044000625610351562 31.711000442504882812 31.738000869750976562 31.770000457763671875 31.507999420166015625 31.684000015258789062 32.019001007080078125 87.197998046875 87.5 87.82900238037109375 87.944000244140625 87.72299957275390625 87.75099945068359375 87.96199798583984375 87.503997802734375 86.91699981689453125 86.8170013427734375 86.680999755859375 86.54599761962890625 28.56999969482421875 28.754999160766601562 28.634000778198242188 28.531000137329101562 28.422000885009765625 28.187000274658203125 59.147998809814453125 59.047000885009765625 58.949001312255859375 43.453998565673828125 43.506999969482421875 43.5449981689453125 43.550998687744140625 28.118999481201171875 27.299999237060546875 27.256000518798828125 27.246000289916992188 27.090999603271484375 26.964000701904296875 26.767999649047851562 26.590999603271484375
146.375 31.05500030517578125 31.964000701904296875 31.900999069213867188 31.937000274658203125 31.704000473022460938 31.840000152587890625 32.033000946044921875 87.07599639892578125 87.1510009765625 87.48000335693359375 87.66500091552734375 87.47899627685546875 87.6139984130859375 87.82599639892578125 87.6790008544921875 86.93499755859375 86.8339996337890625 86.697998046875 86.6309967041015625 28.794000625610351562 28.844999313354492188 28.747999191284179688 28.63899993896484375 28.495000839233398438 28.229000091552734375 59.229000091552734375 59.20800018310546875 59.1790008544921875 43.546001434326171875 43.58599853515625 43.51200103759765625 58.936000823974609375 28.077999114990234375 27.301000595092773438 27.225000381469726562 27.16500091552734375 27.09799957275390625 26.952999114990234375 26.771999359130859375 26.552000045776367188
146.5 31.079999923706054688 32.14099884033203125 32.105998992919921875 32.118000030517578125 31.878000259399414062 31.982000350952148438 32.091999053955078125 87.694000244140625 87.8560028076171875 87.1309967041015625 87.37999725341796875 87.27300262451171875 87.4759979248046875 87.6880035400390625 87.802001953125 86.983001708984375 86.84999847412109375 86.8130035400390625 86.9759979248046875 28.975000381469726562 28.924999237060546875 28.802000045776367188 28.649000167846679688 28.54199981689453125 28.284000396728515625 59.28900146484375 59.259998321533203125 59.194000244140625 59.04199981689453125 59.04399871826171875 58.970001220703125 58.97100067138671875 28.079000473022460938 27.4459991455078125 27.27700042724609375 27.233999252319335938 27.149000167846679688 27.021999359130859375 26.843000411987304688 26.650999069213867188
146.6959991455078125 31.18000030517578125 32.298999786376953125 32.25 32.268001556396484375 32.01300048828125 32.092998504638671875 32.284000396728515625 88.930999755859375 87.207000732421875 87.4810028076171875 87.0839996337890625 87.125 87.33699798583984375 87.54900360107421875 87.7570037841796875 87.05899810791015625 86.90899658203125 86.95800018310546875 87.4459991455078125 29.267999649047851562 29.021999359130859375 28.81800079345703125 28.697999954223632812 28.643999099731445312 28.336000442504882812 59.370998382568359375 59.24700164794921875 59.187000274658203125 59.090999603271484375 58.99900054931640625 58.965000152587890625 58.983001708984375 28.003999710083007812 27.520999908447265625 27.40200042724609375 27.305999755859375 27.201000213623046875 27.156999588012695312 27.010999679565429688 26.913000106811523438
90.3860015869140625 32.813999176025390625 32.4889984130859375 32.407001495361328125 32.4290008544921875 32.2220001220703125 32.298000335693359375 32.375 32.18399810791015625 31.933000564575195312 30.156999588012695312 31.047000885009765625 29.948999404907226562 59.342998504638671875 59.50099945068359375 59.24900054931640625 30.315999984741210938 30.009000778198242188 29.257999420166015625 29.504999160766601562 29.353000640869140625 29.090999603271484375 28.725000381469726562 28.7350006103515625 28.712999343872070312 28.423999786376953125 59.33599853515625 59.270000457763671875 59.173000335693359375 59.05300140380859375 58.9589996337890625 43.4160003662109375 43.24900054931640625 27.694000244140625 27.6100006103515625 27.466999053955078125 27.301000595092773438 27.205999374389648438 27.108999252319335938 27.114000320434570312 26.878000259399414062
32.86299896240234375 32.744998931884765625 32.62799835205078125 32.5449981689453125 32.55500030517578125 32.38700103759765625 32.33100128173828125 32.20999908447265625 31.940000534057617188 31.746999740600585938 31.48699951171875 31.267999649047851562 30.976999282836914062 30.799999237060546875 30.566999435424804688 30.329999923706054688 30.052999496459960938 29.84600067138671875 29.614999771118164062 29.448999404907226562 29.215999603271484375 28.927000045776367188 28.785999298095703125 28.829000473022460938 28.774999618530273438 28.579000473022460938 28.399999618530273438 28.302999496459960938 28.197000503540039062 28.09600067138671875 27.937000274658203125 27.899000167846679688 27.704999923706054688 27.649000167846679688 27.54199981689453125 27.482999801635742188 27.344999313354492188 27.232999801635742188 27.1399993896484375 27.05699920654296875 26.892999649047851562
